
 input
[[5.570677093501104], [20.655944914861053], [21.47673705736542], [21.97343586502692], [-29.999759298866035], [-30.0], [-29.11639922089397], [-27.998999336316572], [-25.084629484456734], [-21.20650060992215], [-19.290924663329182], [1.0440412868909839]]
 output
 [101.31075771 105.79462397  99.53484485  97.91914071  88.51384719
  88.51399589  85.33367072  86.75476255  91.98985292  87.95436748
  88.19724799  97.55147171]
最小値:85.33367071789623
入力値:[-29.11639922089397]
経過時間:50.196760416030884sec
num_evaluation of BBF = 12.0