
BO_ratio_matrix = 
[[93.09285201 93.09285201 92.98634566 93.32160959 94.23276582 91.74427787
  99.39254305 92.98634566 92.9964265  93.80926766]
 [92.98634566 92.98634566 92.98634566 92.98634566 92.98634566 90.70944259
  92.98634566 92.98634566 91.35213946 93.30290667]
 [92.98634566 91.30162236 92.98634566 92.98634566 92.27737746 90.70944259
  90.62537105 92.91132592 91.35213946 93.30290667]
 [92.98634566 91.30162236 90.05921942 92.98634566 89.8830895  90.44157874
  89.51759198 91.98942636 89.82301101 89.88334413]
 [90.23778514 87.78349663 89.75573632 90.5425412  89.60726528 90.12284293
  89.51759198 86.99240083 89.82301101 89.69605257]
 [89.54932999 87.78349663 89.68443565 89.81796655 89.60726528 89.77985299
  89.51759198 86.99240083 89.57192912 89.69605257]]
RS_ratio_matrix = 
[[96.68458929 94.34926014 96.3686399  94.4155566  92.25003137 95.40730775
  97.82778507 97.55655019 96.39035272 94.54297611]
 [95.35448852 93.82820127 96.3686399  94.4155566  92.25003137 94.91421346
  97.71545308 94.73778157 96.16609642 94.54297611]
 [94.28333223 93.82820127 95.65049034 94.4155566  92.25003137 94.91421346
  96.20263143 94.73778157 96.16609642 94.28334114]
 [93.85175632 92.07557943 94.99561107 92.70070078 92.25003137 94.12555832
  95.43662511 92.92938446 93.974707   94.28334114]
 [93.85175632 92.07557943 94.38232719 92.70070078 92.25003137 94.12555832
  94.69551083 90.67601628 93.28662699 92.58228055]
 [93.85175632 92.07557943 94.38232719 92.70070078 92.25003137 94.12555832
  94.20204863 90.67601628 93.28662699 92.58228055]]
BO_time_matrix = 
[[ 42.45688415  45.99675941  47.89554572  46.30302691  45.39510465
   46.27598596  47.67264462  47.62741637  47.47071362  43.9655211 ]
 [ 90.35236239  95.49011254  90.6450088   92.7017889   86.27597427
   88.07596421  96.66979456  96.59435225  93.50457501  91.12801433]
 [ 95.16524768  97.65662408 103.782336    91.40447593  99.90785146
  107.96578264 101.98101568  98.5449903  103.80556536 100.23465872]
 [248.65644979 252.14919806 259.61002827 265.80352592 253.87502933
  262.30663466 242.05003738 268.15472937 277.96408892 251.76937771]
 [279.91979527 305.38192248 278.00652051 282.09255362 358.88167262
  279.31659913 274.75599623 298.29928589 287.56953073 276.85002089]
 [305.7879982  372.66106176 306.86835814 309.37019539 365.15482664
  301.8723712  293.6445303  329.40726233 343.17270112 342.71291995]]
RS_time_matrix = 
[[  43.42765713   45.79806948   45.95966268   43.97030878   44.3465085
    45.22065306   46.37886643   44.96365499   48.09585428   42.05542994]
 [  87.4968369    88.29403281   89.89779925   91.13481688   84.57520771
    92.26713538   93.3313067    89.72571135   87.62964964   91.84278417]
 [  86.37542081   90.26668644   92.00823426   84.47398973   84.96402788
    91.47988558   92.30111337   92.96354508   91.51301718   91.53323126]
 [ 222.0978632   218.17778444  225.82112646  214.43233871 6075.5735445
   232.41987443  231.74297881  227.97972345  233.2786119   227.68146086]
 [ 217.41709113  226.12601876  219.10430861  213.00168824  269.13065052
   244.34382701  214.28388381  227.73538494  231.74039197  228.53421021]
 [ 220.78247309  224.59909415  217.94406509  222.34705305  218.43516207
   223.05509305  209.86273003  222.88704562  233.10681486  222.20403934]]
Mean Accumulated PREC(%) 10 times; BBF=[ 10.  30.  50. 100. 150. 200.]
BO_vec=array([93.76552858, 92.62689084, 92.14392225, 90.88715748, 89.40787239,
       89.20003216])
RS_vec=array([95.57930491, 95.02934383, 94.67316758, 93.6623295 , 93.0626388 ,
       93.01329259])
Median Accumulated PREC(%) 10 times; BBF=[ 10.  30.  50. 100. 150. 200.]
BO_vec=array([93.09285201, 92.98634566, 92.59435169, 90.25039908, 89.72589444,
       89.5895972 ])
RS_vec=array([95.88797383, 94.82599751, 94.57666908, 93.91323166, 92.99366388,
       92.99366388])
Min Accumulated PREC(%) 10 times; BBF=[ 10.  30.  50. 100. 150. 200.]
BO_vec=array([91.74427787, 90.70944259, 90.62537105, 89.51759198, 86.99240083,
       86.99240083])
RS_vec=array([92.25003137, 92.25003137, 92.25003137, 92.07557943, 90.67601628,
       90.67601628])
Max Accumulated PREC(%) 10 times; BBF=[ 10.  30.  50. 100. 150. 200.]
BO_vec=array([99.39254305, 93.30290667, 93.30290667, 92.98634566, 90.5425412 ,
       89.81796655])
RS_vec=array([97.82778507, 97.71545308, 96.20263143, 95.43662511, 94.69551083,
       94.38232719])