
BO_ratio_matrix = 
[[96.91396465 94.21799355 96.65762205 94.4155566  90.70432325 95.40730775
  99.98226249 95.31482106 96.58292166 93.80397421]
 [91.46275641 94.34926014 94.91600032 93.34518377 90.7923104  92.98634566
  98.62389571 94.50862927 93.40688055 92.30697315]
 [91.50824668 92.98634566 93.64688867 93.30521691 90.63193445 92.98181209
  95.00029661 94.25492943 93.30594484 92.52124555]
 [91.50610346 92.98634566 93.30517448 93.30226875 90.204032   92.98634566
  93.30516841 94.23838932 93.30395658 91.51576224]
 [91.4256006  92.98634566 93.30223392 93.30227207 89.54184767 92.98634566
  93.30437789 94.23824462 93.30225743 86.86769517]]
RS_ratio_matrix = 
[[92.91829139 88.00195246 91.04711139 92.95460096 89.25086209 92.67852308
  87.87984743 90.26780232 93.61741608 92.67398556]
 [88.83210106 66.71301248 90.46259424 85.69475337 80.26710972 89.90356096
  79.47457002 81.01935114 81.82380688 84.4040681 ]
 [88.61533275 66.71301248 87.12015825 85.69475337 78.89909851 89.90356096
  65.20578662 68.09114049 81.82380688 84.4040681 ]
 [85.6594944  66.71301248 87.12015825 85.69475337 78.66033077 80.93000438
  64.16423047 64.12599291 81.82380688 84.4040681 ]
 [84.94401641 66.71301248 87.12015825 85.69475337 78.65809253 76.42523589
  64.16423047 56.79662451 81.82380688 82.0916862 ]]
BO_time_matrix = 
[[  42.19581532   41.95345926   42.56455159   42.44983006   42.55167794
    41.92306876   42.28786421   43.04712343   42.58905649   42.57338166]
 [ 123.05983138  125.71518826  127.55115294  126.1029129   126.99413562
   127.04617906  127.06783128  126.73761725  125.28589654  128.61418772]
 [ 214.50605226  212.27804875  209.78984547  211.69081235  209.62857842
   211.09991527  210.81655407  212.05564857  213.60357523  214.74954557]
 [ 417.50879097  423.77929854  428.89886069  422.9202466   438.11912584
   420.70667076  422.9170835   427.74577022  429.39936566 1759.1272378 ]
 [ 632.62367368  629.6120553   629.71601748  640.96847796  643.12815404
   639.24163198  643.64466524  637.50164557  634.63373971  708.39391255]]
RS_time_matrix = 
[[ 40.58923674  43.94730854  42.7582078   42.30143023  41.63046098
   41.83406162  43.55017328  42.67674208  42.47459364  42.46086025]
 [129.37320471 127.43232203 126.47218728 126.21014524 125.79587007
  127.5205884  129.77178836 128.7041223  125.80674529 126.47838593]
 [228.41275835 211.63231111 209.51112938 211.47928262 210.57706857
  208.95429325 211.55008054 212.61581993 212.9072969  211.59729004]
 [416.92987204 419.96165705 421.9991262  421.61094594 432.27896881
  422.19663119 422.9670639  425.7468338  425.80141878 448.85606456]
 [629.8328464  632.39566684 636.5928688  634.41867232 636.31988788
  640.0378561  644.83045745 638.49990773 634.02228451 694.86301827]]
Mean Accumulated PREC(%) 10 times; BBF=[ 10.  30.  50. 100. 150.]
BO_vec=array([95.40007473, 93.66982354, 93.01428609, 92.66535466, 92.12572207])
RS_vec=array([91.12903928, 82.8594928 , 79.64707184, 77.9295852 , 76.4431617 ])
Median Accumulated PREC(%) 10 times; BBF=[ 10.  30.  50. 100. 150.]
BO_vec=array([95.36106441, 93.37603216, 93.14578129, 93.14430721, 93.14428979])
RS_vec=array([91.86054848, 83.11393749, 83.11393749, 81.37690563, 80.2409497 ])
Min Accumulated PREC(%) 10 times; BBF=[ 10.  30.  50. 100. 150.]
BO_vec=array([90.70432325, 90.7923104 , 90.63193445, 90.204032  , 86.86769517])
RS_vec=array([87.87984743, 66.71301248, 65.20578662, 64.12599291, 56.79662451])
Max Accumulated PREC(%) 10 times; BBF=[ 10.  30.  50. 100. 150.]
BO_vec=array([99.98226249, 98.62389571, 95.00029661, 94.23838932, 94.23824462])
RS_vec=array([93.61741608, 90.46259424, 89.90356096, 87.12015825, 87.12015825])