
BO_ratio_matrix = 
[[84.4678027  83.18198599 85.94833684 82.98601263 82.93798629 86.37619357
  86.06595384 84.94436132 83.7088695  84.94309758]
 [83.89894482 82.91415401 84.31249444 82.99865078 82.45704433 82.71199726
  84.04163532 84.04163532 82.70782872 82.1797962 ]
 [83.89326821 82.78027587 83.92046158 82.58474543 82.54182243 83.90631687
  84.0374756  83.87983532 82.54465708 82.05042325]
 [83.87983192 82.52515172 82.43101715 82.34925109 82.47714323 83.8882175
  84.04163532 84.04163532 82.47609017 82.00629831]
 [83.8798865  82.51098334 82.41580208 82.02258268 82.49414417 84.04163532
  84.04163532 84.04163532 82.4663308  81.99653122]
 [83.87952348 82.44134074 82.29602513 82.15695409 82.10750336 82.51634944
  84.04163532 84.04163532 82.45385843 81.9926287 ]]
RS_ratio_matrix = 
[[96.07213031 83.28825973 86.11916889 86.64374238 91.19171855 82.85311714
  87.47403965 87.2560378  84.64715976 85.86854814]
 [84.90686437 83.28825973 83.00843595 85.66055354 85.19911041 86.00213884
  87.47403965 82.72812896 84.64715976 85.65389286]
 [84.03126807 83.28825973 83.00843595 85.02450529 83.10323533 81.99786954
  85.49041421 82.72812896 84.64715976 82.6037177 ]
 [83.87960345 83.28825973 82.51301889 85.02450529 83.10323533 81.99786954
  82.59872493 82.72812896 84.64715976 82.5665134 ]
 [83.87960345 83.28825973 82.5118214  84.98527923 83.10323533 81.99786954
  82.59872493 82.52008488 84.64715976 82.45149053]
 [83.87960345 83.28825973 82.5118214  82.97414049 83.10323533 81.99786954
  82.59872493 82.52008488 82.36079781 82.40288117]]
Mean Accumulated PREC(%) 10 times; BBF=[ 10.  30.  50. 100. 150. 200.]
BO_vec=array([84.55606003, 83.22641812, 83.21392816, 83.01162717, 82.99111668,
       82.7927454 ])
RS_vec=array([87.14139224, 84.85685841, 83.59229945, 83.23470193, 83.19835288,
       82.76374187])
Median Accumulated PREC(%) 10 times; BBF=[ 10.  30.  50. 100. 150. 200.]
BO_vec=array([84.70545014, 82.9564024 , 83.3300556 , 82.50114747, 82.50256376,
       82.44759958])
RS_vec=array([86.38145564, 85.05298739, 83.19574753, 82.91568215, 82.85098013,
       82.55940491])
Min Accumulated PREC(%) 10 times; BBF=[ 10.  30.  50. 100. 150. 200.]
BO_vec=array([82.93798629, 82.1797962 , 82.05042325, 82.00629831, 81.99653122,
       81.9926287 ])
RS_vec=array([82.85311714, 82.72812896, 81.99786954, 81.99786954, 81.99786954,
       81.99786954])
Max Accumulated PREC(%) 10 times; BBF=[ 10.  30.  50. 100. 150. 200.]
BO_vec=array([86.37619357, 84.31249444, 84.0374756 , 84.04163532, 84.04163532,
       84.04163532])
RS_vec=array([96.07213031, 87.47403965, 85.49041421, 85.02450529, 84.98527923,
       83.87960345])