
 input_history 
[[2.9288102356394887, 12.91136198234517, 6.16580256429863], [2.692990979813814, -4.580712039665716, 8.753646783999365], [-3.744767324238449, 23.50638004692479, 27.81976563006176], [-6.993508870453336, 17.50350228495988, 1.7336951851742697], [4.082673665635937, 25.535798297559666, -25.737836508126783], [-24.77224201790756, -28.786896153580457, 19.957190732876278], [16.689405056991028, 22.200728894809153, 28.71710053396584], [17.949513853003417, -2.311238264824091, 16.83175057718733], [-22.903534447864008, 8.395261279651429, -21.398802755457215], [26.680135022975037, 1.3108993050043019, -5.120283600568584]]
最小値:81.25727099376884
入力値:[-22.903534447864008, 8.395261279651429, -21.398802755457215]
経過時間:39.93108820915222sec
num_evaluation of BBF = 10.0
 input_history 
[[-14.126663273722382, 16.454021366053, -2.630980067007087], [4.106036932118911, -28.872611973818692, 7.058129824552623], [6.725743363345288, 7.016039812485417, 26.624884710877453], [10.909217946209004, -8.42952596557284, -3.778082772039511], [11.857871755635891, -26.38647170224381, 10.00600292674006], [10.238272177089563, -17.377046335569545, -22.264422140708803], [-11.074298944548968, -8.177353743442644, 4.2118062250727775], [-3.683909192260778, 29.30243028355357, -23.877311355118316], [-17.46739463430992, -20.321428926900225, 9.186499527923907], [-14.802503847613073, -2.021353628621622, -15.334464479903836], [-20.46182498126882, -23.37749153014169, 9.379775367916409], [-21.70902291908317, -18.20505829919679, -7.876489760342153], [19.259593790876103, -24.173923452416325, 20.276694449928236], [-24.234095526362218, 28.587567900803748, -1.8809279011379054], [28.60566529142023, 6.290731184702757, 14.355814763898103], [-27.64873246474076, -13.031582245415425, -22.788206327209863], [-12.231588148671303, -22.876336862745354, -10.921009236361439], [-5.1442203291198005, -26.15115021907294, 11.54832716220119], [3.99608725239451, -14.076630543633275, 1.3948832080019784], [-24.3635693544935, 4.556789733370756, 25.757771854572844]]
最小値:78.45433570958416
入力値:[-24.234095526362218, 28.587567900803748, -1.8809279011379054]
経過時間:79.71539759635925sec
num_evaluation of BBF = 30.0
 input_history 
[[-10.885862852920582, 10.0446227978209, -22.09212825573647], [12.979632247113933, -12.635634423167936, -19.00851827957299], [5.190776088604991, -28.793547228750388, 19.736401753041783], [-29.718271428447174, 10.668992207773805, -13.799521608470108], [14.111641327355692, 27.731312707046293, -15.074811388802518], [4.569440065070211, 5.522515876310344, 4.335114347452404], [-16.6151020415629, 27.164940691019098, -3.17247728294236], [20.78452034826767, 11.96875651905026, -12.15378294869198], [18.827869182148632, -6.209655549180923, 22.86619182666969], [4.876372358151521, 22.904121711291168, 11.551895404665956], [13.51525678917843, 0.07946291560213581, 27.36501808339343], [8.639411953778243, -4.568697086509218, 6.383592847675459], [-28.84840810143999, -11.905510999527039, 9.6104122495611], [-12.595343567373355, 7.080925739930493, -4.273877943254032], [-21.871556146652985, -12.103060442638153, 4.1978946420758945], [5.452365674890395, 4.459514930974727, 9.19204919142802], [9.126196200101333, -4.114893873961563, 23.792795751063778], [-7.946287797126207, -3.8481044840623895, 23.515401300940326], [18.371639342765143, 12.233315012421983, -23.986386761261933], [25.168956824680414, 12.854477972946682, 29.930820394071993]]
最小値:78.45433570958416
入力値:[-24.234095526362218, 28.587567900803748, -1.8809279011379054]
経過時間:81.2020308971405sec
num_evaluation of BBF = 50.0
 input_history 
[[-21.033101720520374, 22.087563442092858, -20.25042391941751], [6.933573857030652, -22.57080102903351, 20.880493759334065], [18.43913752350064, 4.146044316875596, -5.569002166440022], [-25.849980272691717, 11.845726388673818, -2.7874390393158706], [13.323335968220874, 21.98293955571775, 28.531290300173147], [21.348200543556658, -29.29715494889988, -8.401316131298167], [13.79943374544348, -19.70221936431357, 1.2621963722477574], [-26.73972069964478, -18.000208506215998, -28.888692332363163], [17.62186220144524, -16.564518716377194, -9.278899158185837], [25.684877607935455, 12.264864115411967, -28.089664228121528], [-20.118350610125233, 7.2887040899858135, 4.633715316250054], [-15.726430717529482, 26.052839875487628, 6.837957357953762], [2.1379681814974987, 5.394598581274259, 13.80732177100618], [-11.283300271223887, -6.1067362670344885, -17.40937506149267], [-18.828419647179828, 26.66234339903602, 14.373047702957251], [-0.5724714829459749, -16.355122321600604, -14.738611093776424], [-26.518250380567462, -3.9350024665127528, -11.292247080353846], [11.780609328927568, -7.334889642451145, -19.223779346421914], [-28.519276296520125, -25.965022112205084, 10.763566409914041], [-2.778189326637282, 2.1947526665233283, 23.800277582420527], [29.42033684380226, -16.986180936091564, 9.784692186006048], [-14.20065739577096, -28.76094003205628, 15.502719230168488], [-10.798970950651928, -6.992166349686123, 5.299026813216344], [19.862907314171423, 7.7389106154689244, 22.359039326843714], [-13.587477911061853, 17.882810034753824, -18.861843341642867], [27.167499418316673, 11.249296583268915, -17.069539373186494], [26.842235429335453, 13.851348406209468, -14.76350144429845], [-17.201281357951082, 1.092042835839795, -28.460236916728107], [-17.551795473533435, -4.518871874909625, -7.549801179946467], [-2.1854745381113574, -13.342277622316086, 5.2070607874901285], [21.831336355393887, -22.948088642278016, 1.0427464292468507], [-22.0759136192908, 13.011580871555623, -6.236417831562374], [3.9252787115105363, -19.00320982715528, -21.309134439397365], [-0.7166231610627278, -8.663235729002665, 26.425916715168782], [15.919515228417914, 14.919817191032841, 24.22318438475601], [-24.99465387347889, 3.1315481953443935, 5.068564137346129], [27.716182712833742, -12.47114839244707, -15.550273205073191], [-23.982363464070133, -29.01422222451155, 25.77175900753143], [10.194992795454603, 17.109174721388264, -13.096193654763056], [5.184609971179604, -26.162684032741133, -0.8623442439226245], [28.64970838466681, 22.59031471899545, -9.710462889789262], [27.694209272489914, -16.09790241172773, 26.959129344940884], [26.482662282389917, 17.9521552411435, 7.82687621200747], [22.457277997496817, -12.418782929532199, 20.936613318775095], [7.072601515051431, -29.20578853446603, -9.165988924066827], [-21.111548343110098, 28.90976338909519, -1.2977815776007162], [-0.15651807008023866, 8.368350983923413, -7.88492363222295], [-21.785983698864065, 19.327063991654732, -18.609125285834523], [0.6791389527873619, -16.540978261515644, -24.12933093035796], [21.731491045301, 28.375169341387817, 27.65007948378001]]
最小値:77.10870073279122
入力値:[-18.828419647179828, 26.66234339903602, 14.373047702957251]
経過時間:207.20197176933289sec
num_evaluation of BBF = 100.0
 input_history 
[[24.393329953270737, 16.442839961918324, -10.011290878281486], [-25.133916600720195, -5.565529715171561, -16.065951469743435], [-22.05074191452102, -26.794369092790483, 13.535661852634725], [-29.314352482498137, 16.234844910166572, -21.183201275977495], [-25.228675044794656, -24.623817945683676, 10.322868441234867], [-15.277967408829314, -4.767631999194094, 3.4421274794350154], [21.633070429727624, 13.622655762679699, -13.78032568567712], [-22.111032042532344, -26.677540774728122, -11.904081931143452], [-14.272911045619306, -2.6315659919712218, 10.996880132860824], [11.737526738331432, -12.988869205070003, -7.204382645992769], [-19.130942295785818, 17.312730738391124, -26.589115414005583], [11.819834503499237, 16.721723756466204, 16.64445371092519], [-14.434646139278705, -7.571211724046314, 5.255978111783342], [-13.63068585453198, -7.748832046926676, -18.17674318886162], [-2.408646974639556, -27.323261924753155, 17.987753074237084], [-25.382613180802036, 1.1301089298915628, -11.591394027288231], [4.652576929882528, 27.56600045000551, 8.734214667360234], [-27.878253854670547, -4.175853629516325, 0.6010111390950144], [2.17064968220712, 10.883550636230275, -13.344234136094034], [-22.26836607202079, -6.43945940717434, 27.384343367756927], [-18.772146494949315, 24.239037295694224, 2.6283570046395823], [-2.5853147012540525, 22.922484613793372, -2.4837622938848476], [13.450058196692595, -6.058480697813881, 24.242663574057467], [11.401501211473644, 11.977323255031003, -10.336775906572868], [15.40671856421335, 8.163663326828477, -15.598783597217427], [-20.367670650884616, 17.783488471039902, 27.549996182113347], [-2.5116703643974283, 5.459049919421098, 21.463358651613277], [-2.566592798768575, 27.112468609964168, 4.545069722692347], [19.246027242078895, 24.530623104764302, 18.931429126114132], [-20.435132193062643, 7.733906343702024, -6.093944482819374], [-26.23722287859926, -4.558064886609483, -14.478955986635537], [20.942298505710646, -28.00172240719823, 27.538963311808416], [-8.677869091684222, -8.597586575847426, -29.020289838977526], [-18.886060485828963, -5.924429951783477, 25.757485038162834], [-24.02310418672372, 26.71809200874477, 22.16931183279793], [-2.750256185546892, -10.397947093904396, -16.03535224325659], [6.867882388612458, -28.015524511469664, -29.063636133190307], [-4.2722566501057315, -25.91555556151679, -14.883540705234426], [-16.73034507923497, -14.808528376628885, -22.136686127084534], [-29.277826626140744, -23.070942171675114, 7.108815570764875], [28.45537276908302, 29.420700093653636, -5.456754277616305], [-20.222734437203677, 8.325705441991758, -0.5816792070757728], [29.36458663706589, -26.08174757089319, 16.994066298828784], [-12.696090160110366, -15.51488279540556, 9.750274291960558], [-15.236208900542131, 9.95154705355126, 1.0385110321373254], [-4.554660693849041, 3.281268519685142, -12.776908804822217], [12.394482376378733, -5.108587839986157, -8.367266370846465], [19.719414873344263, 25.49801471719153, -27.239561346762184], [-16.04238043021407, -9.088837830446206, 18.897988762214844], [29.12948565859785, 28.138302280221104, 24.29690073299561]]
最小値:74.21236300716966
入力値:[-29.314352482498137, 16.234844910166572, -21.183201275977495]
経過時間:206.71829628944397sec
num_evaluation of BBF = 150.0
 input_history 
[[-12.206624096158208, 29.520674604868447, -15.034797536612928], [-23.64563070706607, 27.057156663323646, -15.994784671914221], [11.386095904665027, -26.498618461164682, 13.842545947648567], [22.903212740030384, -13.65378627204225, -7.256586235354288], [-7.542229000745035, 14.92729545240799, -15.731565447657669], [-19.68881405714142, -3.0425010787357145, -11.73189555736083], [20.351347335519144, -15.735490439061675, 0.14336744935568646], [26.555015981875826, 8.039861864679644, 22.037364327747888], [26.412581361286044, 15.045891713181113, 11.974503613485084], [28.07793399625362, 29.664047378860765, -2.8906990398144217], [-25.7478133089475, -12.432358113568867, -20.858717658736172], [-4.95081751223929, -22.12264029160464, 6.247068241252919], [-7.0315164505287555, 23.7231530572926, 28.06768030791011], [2.81309410016533, -13.510585807944203, 5.533825125710209], [23.805669493464592, -5.5959992498551046, 3.1246966015182522], [-13.700833943631249, -2.673351032998383, -5.897187877224081], [-15.095192095021739, 0.35198302951850025, -11.377150441211313], [-7.61790816715515, 1.4982265352558564, 15.03570137573925], [-9.989552052523479, 25.449525997245814, 21.73911281015414], [-27.078582241468286, -14.781448544590635, -3.2318692404478853], [-23.722326675451555, -9.091440657990177, 14.405851537060947], [10.830868868569553, 7.343065713960293, 12.631704163340736], [-17.704578782417894, -9.498113108116073, 10.574548936647773], [22.754085781879624, 2.62068322968571, -13.038020943267803], [-28.185884519641043, 12.6202097384528, -29.52695378949358], [-7.63925581074027, 1.832232873766909, 25.326687706031585], [-24.630327298025993, -5.643460681902976, -28.541208017390534], [-9.44334093950458, 7.333863530387696, -13.255923106284097], [-17.415003020661892, -23.05780600037438, 4.628414641220509], [11.716200354281163, 10.317428435749342, 26.931661243230444], [-29.837807166389837, 8.831799233642158, 6.02353422585837], [5.324376598217292, 27.766219190414546, -28.98769959779762], [11.788945842087003, 18.820718982111806, 0.5884317972950477], [-9.962107824191449, 17.450409793644297, -24.16542446205452], [-3.477861736204485, 1.1971424742502919, 11.637384656072854], [-24.546856078055434, -16.334429907728342, -5.381906238592464], [7.3976803812078415, 23.217646873045048, 7.129570094482588], [-21.992311743903933, 28.83480796723694, 22.307144085329575], [0.16324566871944413, 25.34087890779798, 2.4828476254281497], [25.39836407334979, 19.793842116200594, 28.097184617657838], [25.1869686466895, -27.83797095428583, -19.513679750343602], [-6.651919373928855, 27.128561837725243, -11.998264831444224], [-20.37194136674394, 23.178279965193596, -3.2163350710078262], [24.472535661259563, -20.386172020791406, 9.667050690485972], [-3.5841748302304914, -25.410793858182878, 11.787788679150033], [-15.156074667650778, -27.623068645228937, -26.403342105025605], [-26.33528777599276, 24.463977449102366, 14.393035069746063], [23.883741432824102, 10.354938677791282, 1.7363957418529878], [-11.733218139157305, 29.87773507972041, -8.268656463636638], [-1.761063047165429, -7.305289504592295, 28.771615760127517]]
最小値:74.21236300716966
入力値:[-29.314352482498137, 16.234844910166572, -21.183201275977495]
経過時間:207.41091084480286sec
num_evaluation of BBF = 200.0
 input_history 
[[-4.978679717845559, 13.219469606529486, -29.993137510959308], [-11.860045642089613, -21.194646550973218, -24.45968431387213], [-18.824387317339745, -9.266356377417136, -6.193951546159802], [2.3290040402014185, -4.848329135802313, 11.113170023805573], [-17.732865016108953, 22.687046183456722, -28.35674440812443], [10.22805061070413, -4.961711857972382, 3.521389706745097], [-21.576783684285974, -18.113910654907272, 18.0446741205322], [28.09569454316385, -11.194549310445431, 11.539356940158846], [22.583349137762298, 23.67639981023084, -24.897347317813328], [-27.656713006027058, -19.810174826125866, 22.68855020576479]]
最小値:79.5142185326478
入力値:[-17.732865016108953, 22.687046183456722, -28.35674440812443]
経過時間:40.61550951004028sec
num_evaluation of BBF = 10.0
 input_history 
[[-24.099189970016994, -4.7335424996968705, 27.473371809030112], [1.9899170983810244, 11.5126268370284, -11.069062139636223], [11.19005566089502, 20.077540313842377, -28.902703359348493], [15.008658896698051, 29.331665334389683, 14.889939262790364], [-13.173360476135688, 17.35675970708931, -23.806439605341478], [-3.12638842944569, 24.51573018558573, -12.38315109757923], [-12.733479684819077, -22.19828567290334, -28.837982527782174], [10.730131976393459, -17.302313039996456, -14.067200437666427], [-0.5056104431797017, -26.798247292975176, 4.447056329520784], [-21.19628550565139, 5.3583322141970555, 11.98550160125587], [-23.85993427033045, -5.156640730825902, 11.664009463664705], [-5.149243828385842, -27.00279246323477, 2.1537843549306928], [9.827678713187332, 0.8933467234985137, 26.6756853594488], [5.193302430119573, 24.20411491727301, -21.751517751225748], [-21.643419164954487, 18.443477322571425, -6.139389780867987], [-20.078748172984035, 25.650514823762038, -9.134048415269607], [15.048726188169333, 13.559879121027087, 22.99836547234859], [7.420332423336532, 15.056546041640232, -9.066099481329449], [-13.804326494098436, 23.753173091764012, -4.3145286077223055], [27.890402828903134, 9.806489869106883, 7.301743212547308]]
最小値:79.5142185326478
入力値:[-17.732865016108953, 22.687046183456722, -28.35674440812443]
経過時間:107.67642378807068sec
num_evaluation of BBF = 30.0
 input_history 
[[-23.11524162279749, 26.969355522424273, -3.0052719912035677], [4.703376863227909, -5.51179183432313, -15.778381185418338], [24.202771233735227, 4.420769200337148, -29.827780378130463], [7.028694817243434, -10.40130589367423, 1.6234861354565595], [23.15652595864647, -8.563814399850013, 24.51210905518795], [7.401606947508164, -29.050725429206622, 25.766234024625675], [11.45381505101544, 29.83937102708883, -19.659569499280288], [-21.771855022267335, 25.955727782229815, 11.809089689394007], [-26.03998963667625, 15.32778315614798, 15.232571307674782], [25.381472132789, 12.691485517708308, -22.54374228167012], [-28.807191969612266, -28.427340787336842, -28.301610718752322], [-15.227335943817247, 21.601676920973283, 2.3298638604991737], [3.169318721145956, 20.52185354157634, -22.549601092805332], [-13.24897925933163, 5.145556287497271, 28.175744899180472], [3.6618131553425997, -28.88116263762342, 18.037960360836976], [-16.021543569538775, 18.426311737126746, -6.728361356149694], [21.81251127356572, 14.827298564231079, 3.374414039425133], [-21.812686460358897, -26.4049386292673, -22.719392655555758], [-27.326887287314296, -23.550352253634426, -16.45743968352872], [12.779338822960597, 3.583018923248545, -29.246641190453047]]
最小値:76.69289083069141
入力値:[-21.771855022267335, 25.955727782229815, 11.809089689394007]
経過時間:112.85176396369934sec
num_evaluation of BBF = 50.0
 input_history 
[[-25.681543218630793, 28.03657980001632, 4.086027715196529], [-17.802405920340572, -14.860455325780595, 14.629551244505578], [-18.27423113344087, 4.881535636395469, 28.20119934529874], [20.809728089402114, -15.609134451144831, -0.37381714387620235], [7.197343102882783, 19.738853973010727, -20.592516321234946], [-28.88542786935543, -25.79867137684666, -0.8192933437780923], [6.379767699199817, 4.131086225188881, -10.958255440670357], [29.31696926474693, 4.784713154747813, -7.191529642586975], [3.056893147073808, 14.720065854390128, 10.153973607191077], [-14.104826540231436, -26.019909934293505, -7.794948125153624], [7.783050421293872, -17.389559405109623, 15.165333224328833], [-26.007811118753104, -14.381094085287543, 18.285273824600722], [-18.393943042600334, 8.367652852796411, 1.4802185474240233], [25.48847822396104, -14.202193770773341, -26.042334558958572], [14.10395779732017, 16.330681772594808, 24.46895115021144], [25.91832415181024, -29.16290562146418, -15.93827483271477], [7.006701420099461, 26.940979241256983, 27.010567154824784], [3.3991912917093856, 24.93638098597647, 8.493972536780255], [-6.599537151525226, -0.840559974185414, 6.258628975198391], [2.9728752905137554, 25.57088560238722, 25.12400613801637], [-6.307463224586705, 27.795751706442708, -19.56265999917214], [-22.42022883362176, -21.89525051719612, 0.33972994061380035], [-28.70851168354812, 26.878212673060858, 19.62692827024395], [-29.098861155472658, -19.428224665496685, -10.07618553798978], [-22.140189311344987, 18.569441527594925, -9.315800839002392], [26.40644894000203, 4.920850796824801, 22.729919064710643], [20.684066723533313, 24.32353912251895, -2.4071840509915816], [2.780808961222398, 17.916215469122363, -12.856868895951145], [-0.5847886428043374, 5.9466184587527025, -29.068003466949857], [5.608884491798229, -3.9794190606325017, 18.44163173309049], [-11.085311814277624, 23.573322511509083, 4.671432917072131], [-18.9593879023521, 17.275754029530255, 6.721870622696038], [-26.765443675574822, -4.788379199932066, 10.744130193925777], [25.116106678651548, -29.975878506518555, 28.60554894186358], [-7.405181115253534, 28.427012301499353, 6.282966058443179], [19.730748478841576, 4.482690282486139, 7.684571898441021], [-12.865423098258365, 5.2100004393649755, 15.001305822159594], [21.49883018574254, 15.304931308060809, 11.883434906838183], [21.86876580327599, -10.639140189795214, 10.247327447255238], [-2.94756381519905, -7.073834878108968, -5.351319004668863], [-5.911224991827563, -10.956963242503384, 7.315162075218083], [-4.18516375072414, 28.428124675635132, 10.668053486058668], [-18.085806694373346, -4.3979394391180335, -9.399225613534618], [17.858328237513994, 22.799897313805907, 24.230517349582314], [9.763188742515737, -13.787504278214534, -14.857997909724617], [21.293876561844144, 1.6628787785247994, 18.12966504027588], [4.349311031496377, 13.98855151725067, 1.14069764784335], [16.253034630113277, 4.131479442282931, -2.0574072844811475], [-9.438665522803092, -25.907439094997752, -7.32454924031401], [-25.22243533810486, 28.969026823826702, -19.103228920154173]]
最小値:72.42707133986714
入力値:[-25.22243533810486, 28.969026823826702, -19.103228920154173]
経過時間:292.931679725647sec
num_evaluation of BBF = 100.0
 input_history 
[[18.711521863232385, 22.49769869735389, 11.304795143156596], [4.16966476472254, -20.341713791063473, -1.9871986342016221], [-9.2896769306871, -16.497602531154925, 5.550712125947804], [-11.263809737884984, 24.97833320810104, 24.578131497093423], [-14.572902373068228, -23.34652195535825, -18.42223607885323], [-0.024949759266835514, 13.715140078475777, -17.508333695472512], [-15.117986497366156, 21.10031249618202, -5.049076903948361], [7.00110402931417, -15.980031645644996, -23.881964434452154], [0.9514210181117875, -1.3715407770130597, -20.839701354410206], [7.308373904424933, 2.6406071288362867, 9.24824081824466], [-21.32726759252041, 15.09166902811463, -16.67705161200464], [1.1611094619619813, 17.117761693297133, -28.660174320491627], [-10.538252416428811, 22.37534258400666, 20.682576456124174], [2.3064355556726213, 21.99649644999078, 26.988359481217593], [19.58441985776048, 21.24692663019232, -24.0753958907791], [9.07825994045946, 12.211019289159175, 6.614448758797778], [17.976915704161684, -27.925726807701945, 16.214324073298798], [13.90371604437162, -14.418096402098815, -14.575842070671198], [7.938199045807664, -9.282152304535106, 17.79532068043725], [-3.231226079792563, 16.964964887050314, 29.42830701743044], [-11.985099627965997, -21.419650304514036, 24.07850618095643], [2.493562733242399, 28.484422251304935, 8.196264000113835], [29.63478147662874, 2.764248248577097, 1.585556034331276], [-21.874325815669806, -8.657689740967133, -28.426885962217604], [-20.376289228821054, 14.738231562449762, -28.17601860427267], [-8.00741416537534, 21.740775170282646, 11.560663050441256], [11.456528523970114, -18.681791942681347, -3.4857431550945996], [4.894644440657473, 29.385102459822313, -17.76562648601269], [-15.136025894258708, -14.269614973625284, 15.010344797879569], [-2.5814803538584314, -26.5842336953343, 0.5109744366143758], [-17.282390121379443, 17.916254685612614, -12.160117109563664], [-28.343639282729782, 5.605946967877259, 20.630425735871327], [-7.13903255626715, 14.991498643568605, 0.6684886978276907], [2.457108297731317, 27.566059263705142, 18.237653489918806], [-28.06061600258556, 12.563235073877706, -2.099911106189637], [26.85293648370599, -16.7140359405907, -13.975678818938054], [-25.11156210736428, -4.2828702801728085, -23.458874158855902], [8.027205636715074, 18.17779424242427, 11.808029767210705], [15.972682864546229, -9.452752809388812, 20.751088981660658], [-4.273873500033446, 19.440592224739127, 7.589769517457626], [-21.394617079785306, -25.296786008703123, -28.900041425219563], [-25.996500141638613, -2.484971177494092, -23.19948463394457], [-28.332999069079804, 15.291688883428044, -6.308971172361634], [14.816309736451508, -2.855710395212906, -2.994795179954334], [-1.3156495969301432, -1.559764406268357, 18.189800526850178], [-5.856448808535852, 24.281169620617383, -27.776337122757848], [16.43246056322512, -22.461517131735672, 7.110814014725129], [-29.378144319886083, 2.31763695458082, -29.81892260282422], [27.07162712941227, 24.324122022166684, 17.75801651653616], [24.916459194887246, -21.266506130496175, -20.536195807768003]]
最小値:72.42707133986714
入力値:[-25.22243533810486, 28.969026823826702, -19.103228920154173]
経過時間:288.67402958869934sec
num_evaluation of BBF = 150.0
 input_history 
[[-18.74209962585396, 7.349754137995269, 24.34856976049811], [29.39731070154442, 12.667347525948955, 13.908024548537718], [24.557592272655263, -5.947576057732746, -15.008959186497794], [-19.59418975277263, -22.83257697997626, 18.75663528196972], [-21.19245759496541, -14.14215103638596, 19.145350718011848], [-11.364764892347402, 28.945046957576572, -14.001677870901887], [2.019200698272684, -11.13197932884902, 24.64636987043025], [-8.006601368925935, -3.9844603636101255, 0.7375615367016835], [26.333188642182797, -28.143059623730956, 13.012719817901349], [23.461137257540337, -28.36276658895187, 1.323074835150642], [-10.440611293798483, 21.569359251935147, 3.510993055351072], [11.413672089764873, -2.828790002907752, 7.698542251281431], [-12.59418889875445, -29.439085322009053, 4.605356099225446], [-11.31334715205223, 1.0360559100677875, 24.98435118323387], [-4.411512689916243, -15.156237803856875, -7.722374323256734], [25.911666998192437, 26.212102878545622, 20.65979691394279], [25.21239085833963, -16.325982602920984, -24.751067426784548], [-16.361415822918673, -11.137403033156975, -19.514047418621306], [6.425649718347628, -5.184815099930319, 18.981090709632845], [-18.892176103858162, 12.112591785378626, -15.578662509051668], [4.453145330451584, -9.060744166752666, -26.582136031030036], [-16.27117974237745, 9.84615332128761, -0.16499439836812257], [1.1409590444207254, -19.51679099346465, 4.242951092775385], [29.8052055124926, 19.010106527497314, 5.662357429858666], [28.559344099854293, 24.093755080159276, 5.736476016158733], [-28.054420481132574, -24.385374250951156, -26.077697097466416], [-2.8960110785114814, -7.4739100099285345, 28.521002056217192], [-19.921002408023107, 28.367255515959314, 16.048492131780783], [19.454270377469868, 7.956949006679835, 10.123966212403921], [-1.3870599887283994, -29.211818584615663, -8.819634867490514], [-0.4756919103864945, 13.805472665406256, -1.882299435233449], [-2.555705034634098, -21.74023554326381, -29.34667597179126], [15.496695628619776, -10.802829715339296, 29.063007011610644], [-16.78594643045064, -9.67751847109922, 1.4337681399679028], [15.293487423631966, -2.168532965982262, -22.510647413299424], [-11.249917290477029, 0.271150182059678, 10.430940481012058], [16.208997378725527, -22.179853142738743, -28.625092120657094], [1.1449393327193675, 18.599322639744976, -29.24377397820742], [10.34819067922404, 11.208493599419512, -3.045194784801744], [24.887321204516056, 8.661665085419578, -29.68560974091205], [-0.9342932691374664, 21.559068365856, 19.823974202240365], [8.949251826748672, 10.4219054339179, 4.7099747873520315], [-13.552813489988871, 3.6317994321635254, 10.303787089045215], [-8.85422218701547, 21.349702035235666, -18.297750839477562], [14.839248619915395, -12.623835228787353, 16.42795723465092], [-4.335760239835427, 18.46190454673257, -8.787908239920576], [-17.17840574222513, 16.03707050530599, -11.481483142160933], [13.994704063585651, 14.668389184663923, -16.716197945507936], [-17.153271790761092, -18.063124594376, -21.44889973404932], [-7.375044047559953, -28.402326918502713, -23.344777857945562]]
最小値:72.42707133986714
入力値:[-25.22243533810486, 28.969026823826702, -19.103228920154173]
経過時間:290.470418214798sec
num_evaluation of BBF = 200.0
 input_history 
[[-3.8403058714797744, -28.44442609032652, 2.9797486727225504], [-3.880656442903387, -4.7779318747506565, -10.179910739767553], [-17.72108195772945, 7.156257981039822, -12.02071957952861], [-13.990363493828003, 7.268029966157691, 1.7485256566223448], [-21.925203279303986, 0.8146872759447845, -18.933608061185083], [17.120108869000404, 21.238517558369324, -0.3457897570843329], [20.793689121448082, -25.22127137945634, 0.31476540730223945], [-26.082809736787315, -4.312660344156633, -24.208145060363247], [-22.370401697923352, 5.804718538715747, -16.439279963745847], [-23.58325894140102, -16.781627575766418, -9.010422899802045]]
最小値:83.51701234361303
入力値:[-21.925203279303986, 0.8146872759447845, -18.933608061185083]
経過時間:55.40613293647766sec
num_evaluation of BBF = 10.0
 input_history 
[[-1.9327509250619848, -17.89540642410208, 8.42440351289489], [-1.0158098668949016, 0.3142032011129494, -6.786440932886443], [17.618247266494627, 4.800250732668395, -20.26208408986117], [12.045140796429372, 27.873064805355313, 0.0005016702130049566], [23.371203836768693, -9.503180839733421, 4.028647657662553], [-4.347242202233396, -3.7951642183920598, 16.593551099826016], [2.136250409859379, 27.224533616692, 2.6524896088861283], [-25.074304663498513, -8.019455899498777, 21.0510302402701], [-5.623497417122952, -28.367858046309024, -15.1693656601588], [-25.97133775578272, 29.63112068527637, 28.234818802630414], [18.015501067955206, 6.109027284328043, 15.897591627100894], [-19.846473204949326, -12.418606090833613, 1.4440125180218537], [-8.602543132634466, -27.259262085275996, 28.989206721432765], [-3.5187048387091977, 0.24002636274915545, -10.587520947918069], [-14.415314835171777, -6.786606880754256, 19.92101397807005], [14.204823377226774, -7.247365983501751, -29.218959798326964], [17.844296341955612, -13.836672144221929, 4.961093311742076], [-28.466943489018433, 9.732121156099545, -6.748594447603111], [-0.1755720759292423, -5.105649757518766, -8.94768592190157], [3.0586743194651547, 28.374641392489494, -23.23342708571571]]
最小値:80.82429412176015
入力値:[-25.97133775578272, 29.63112068527637, 28.234818802630414]
経過時間:113.98393750190735sec
num_evaluation of BBF = 30.0
 input_history 
[[-11.204488294217185, -27.492137411081398, 14.30398551725402], [9.45074325954264, -17.121855216002782, -4.994793588279773], [8.6305160488917, 9.688879602926484, -19.77137199097376], [22.899134144912914, 16.680489588508095, -21.962747509698538], [22.13499758592473, 14.92667269661127, 17.91513924594485], [2.6007138350341634, -16.749725096312286, 25.10751879537603], [5.525074659982579, -9.225725432691213, -14.173288243198813], [24.83492862990792, -4.815872321590756, 2.4114909400278535], [6.506529468302979, 19.57498970604948, 7.41379107372785], [-19.397270304934437, 5.47544115921275, -0.6440299803084528], [2.8744668054225997, 11.971237187432891, -15.251330165752158], [-18.80237126481119, -23.365011132230336, -13.55644484783678], [-29.384997636024547, 7.761583369774932, -12.289661686815453], [-18.762807317886136, -24.282716864351777, -12.974651552084723], [-17.104536952158284, -12.863775965345859, -1.7154085518192588], [2.969809265304484, 20.706786934482096, 29.310582047049863], [-27.06791482623892, -16.072904913830165, 8.59868563489411], [-20.3120062264994, 22.208753602140092, -16.955854421698444], [14.505302333006938, 9.181230793866064, 17.93313069027778], [-28.125146264084304, -16.22555827533929, 12.277649947227552]]
最小値:80.82429412176015
入力値:[-25.97133775578272, 29.63112068527637, 28.234818802630414]
経過時間:114.27980709075928sec
num_evaluation of BBF = 50.0
 input_history 
[[-24.746249459932628, -28.16463100834084, -8.571903978026356], [5.3869194883058285, -26.866636356950387, -26.06018002761735], [-27.389928836417063, -6.290954491949773, 10.105622760963463], [-18.118373291029823, 22.57598710224954, -4.056654273309157], [7.17848782259788, -12.574395423900697, 6.915274407856572], [27.219597742939357, -3.119117008554621, -17.577009704801146], [-4.477962485676812, -3.325544114174537, 0.4570492003176838], [1.5439949886574738, -27.45424848704723, -20.1348548297928], [-2.986369222957606, 12.478270237135249, 16.655274498332012], [16.626179968178683, 0.16672515055328674, 27.404855598434857], [-10.087577247607449, -1.1125102592380074, 14.902439960462182], [21.470371106370834, -5.13239669202531, 20.921070856039407], [-3.3257434949574467, 12.944825057181255, -29.493098185270817], [-28.487914579755063, 26.42702961252531, -23.871723106128393], [9.718067426382461, -13.004475370732752, -17.949459373473275], [-6.699949073114453, 25.554095790509955, 4.216452585043143], [25.00287671747295, 12.135854449183498, 0.07298710122521612], [0.3652100107583287, -16.870752820237634, -29.720188635897006], [-4.929825359837054, 3.8025666203421054, 22.593712105399625], [10.655090413674564, 20.539982766208276, 25.569677215495197], [26.466952418017335, 18.96114911546364, -22.11632367123337], [-9.20219910058416, -17.48985032846865, 22.042892229391406], [17.539813158375473, -9.059901558968434, 4.148431923338123], [18.307892415342096, 19.989674684038576, -17.65237938299568], [13.840812031566934, 18.20484984956694, -27.412257818798235], [-23.568755746105204, -3.8949810084703422, -16.747126688355355], [22.83732396994084, 13.181252263464678, 12.780437612818858], [16.191579419562117, -10.155178429835715, -16.283384890014066], [7.580637552061582, -5.131245028476648, 26.206864334051154], [8.547145134167536, -6.7859794192579095, 21.307179648251434], [-7.152444977027518, -19.30141033333679, 16.899565539964883], [-1.667484755051916, -14.431175735743373, 11.543954752873859], [28.829104739926706, -15.224784661932611, 17.414628155642717], [15.740114653443534, -22.79761246935516, 20.33415567354004], [-2.2956657146080985, -22.453117046814747, 2.180608385764117], [-12.209234952322259, -19.456548404596163, -25.24570975795202], [-18.06605449023005, -4.224682856615175, 8.508705817729897], [-24.757249272612217, 12.943835266257913, -23.895311342197076], [-19.464055745470688, 12.799293729444635, 23.11582046462935], [28.988301662584334, 9.174417042072868, -1.3358188196174758], [-24.732746706900333, 3.5370476818366043, -19.130986235481213], [0.8641236282732372, 6.535808936063496, 19.992749407356257], [-10.574965064631211, 29.33172559918239, 29.697015598067594], [19.569049166387806, 11.649152725511001, 14.0201878858186], [22.516128588279756, 27.090608900743938, 21.135775595853076], [8.456318386731851, -25.590096917133806, 7.40308285775032], [-8.807166492868888, -20.113282606542217, 23.589971194022603], [19.493428872400763, 1.598305431170001, -2.1930446307856535], [-0.641922712372466, -14.356798816832878, -5.841724612011156], [-3.799807216378202, -29.096631945097798, 23.57435298472295]]
最小値:79.53964562525937
入力値:[-28.487914579755063, 26.42702961252531, -23.871723106128393]
経過時間:223.96388459205627sec
num_evaluation of BBF = 100.0
 input_history 
[[-28.251040929149298, -7.626426959296431, -24.24760111843367], [-18.182140778997688, 26.54523674382859, -7.723729699926217], [13.740048109288615, -22.430393482258708, -14.92302469756744], [22.874117827273892, 24.197769029340925, -12.74188450704672], [28.02678789073778, 10.085960137511456, 0.18040641205959318], [-7.31985548108667, -9.7579023422125, 27.120642304980066], [11.600029715353372, 2.0461020044002325, -27.390618123823355], [-15.146947462647569, 26.590243360032495, 3.411609974595194], [-8.548906058686075, -29.432977551726044, -14.787103966504622], [-14.746398590967793, -19.758868437958434, -9.30120241936853], [-17.84105691913657, -26.225907589149536, -24.122376246824484], [-0.19634986115309516, -25.820364575253272, 26.109213801089304], [-17.63414188976498, -2.1472590024572042, -5.1199045736017865], [-12.519736894021062, -10.588289110797348, -17.304144995031614], [-13.183902733788074, -22.973697858204623, 11.355112486652644], [8.671571362467446, -11.308235799420924, 22.817937369449808], [-6.817456494326347, 6.665358019132114, 1.3901595705117096], [-10.496591783392205, 25.787425383909763, 20.89208453977823], [20.467376881194475, 27.25731819337966, -29.851054423914213], [-0.47285398616238083, 26.274787143876225, -21.93439441061166], [-15.300351695149816, 0.30371523462846284, 10.705290589312959], [-10.034402542983049, -11.618119704599565, 16.547874673292938], [-28.02876370629314, 17.14787175130374, -4.287583112387445], [7.740567430113622, 12.33018149440798, -24.09188223471494], [24.230769892493193, 19.338748117064753, -7.477113764775009], [-18.31234029024845, -26.231673716649638, -11.483464431587116], [12.79151763612336, 18.79090297079358, -10.404701926965632], [-16.78260680353074, -10.35634898120755, 27.86201017834491], [-24.234557989378146, -20.26899314136366, 11.65434713716563], [-21.61419005713406, -14.002446442212321, 18.190552347484605], [-11.963292968498024, 5.8209929322752885, 4.368737265921403], [-14.073391705279853, -15.075942666442185, -12.619470560279026], [22.556404345441877, -28.87451119375411, -24.501815273261826], [-9.527402450744873, -16.781900692820944, 3.771443934943207], [2.3676656744596016, -0.27827983174045556, -11.954815799798752], [0.68692352029219, 17.17371100509321, 18.75033488953281], [1.9704532497507934, 18.380112864631023, -27.94347122342129], [-20.756032746029405, 14.891101660120555, -6.9078061666630255], [-10.92609058827938, 4.3205287780191455, -7.654769091817254], [24.571794599487724, -6.781726498621907, 20.17495172503648], [6.105823205653266, 24.721126646537947, -0.9567855387194939], [27.510843995741027, 4.602579627177072, -28.335342120834746], [14.332250953060282, 21.68404779493985, -24.08699943579295], [27.80658245067437, 3.805562166098234, 14.442114656263115], [-16.559920919237868, 26.47094974124829, 8.599707557752353], [2.5991182759803664, 27.683411830540386, 3.4181239599995052], [1.9001035167321234, -27.313982276818507, 2.783338197857475], [14.661653359706541, -7.8958061980792635, 10.759560814873247], [3.8464687130379644, -17.521499017018343, 2.808835387294529], [-1.4406755472447266, -9.736822757630584, 9.758112038092875]]
最小値:78.72884025390442
入力値:[-28.02876370629314, 17.14787175130374, -4.287583112387445]
経過時間:218.61507725715637sec
num_evaluation of BBF = 150.0
 input_history 
[[-26.33077388440016, -7.6337144628463705, -3.953439186872039], [28.43205728743044, 11.891961274221188, 7.547317207766625], [-20.643329252339136, -3.894454416560098, -7.725894066337414], [26.4238530110768, -2.830942129075389, 21.30599921534683], [9.216711084780371, 22.757217325029266, -29.799873312055368], [25.487294176603072, 27.077625256788572, -20.703868998398878], [-26.057359436461095, -10.962998550537161, 5.133326992654716], [1.4478807026930198, -3.892642875289674, 24.76062915085258], [4.198599119553009, 26.048204921656875, 4.5692612433641315], [-18.88918835102804, 28.92472253320129, 29.910195624666223], [-3.211913499986906, 15.745833498163208, 8.1938050910749], [-18.885361505214107, 4.752117604094167, 9.254516077865013], [5.624422211736956, 2.4885983396100286, 5.512744112147018], [12.539470337614674, 16.258678419678667, -24.65698822213474], [24.809729424796792, -3.02249969653527, 11.797266948671684], [-6.741657049996835, -26.936571074714386, 9.818475457155088], [-8.060366151068063, 3.1667976078866786, -14.004609566563328], [-17.76743515968564, -12.227702771248193, 20.51205795551998], [25.440911500437146, 28.715015256018184, -5.140143158026639], [16.391194165812657, -19.916812764570878, 14.655353469382725], [-4.547620892031567, 20.64552535013261, -18.178784456416327], [19.134932483537327, -25.660480613189307, 20.766462705130238], [-4.581063813702404, -21.555518674978984, -11.644970946194768], [12.561716009029439, -3.222901952771288, -16.004138470646918], [-15.674070293012004, 11.590395180178632, 8.866168673660525], [-26.164494235200316, 18.75106196533607, -21.58894900995676], [-15.56614533530624, -29.16577048891896, 0.3752901203600274], [21.05592292972831, 25.784225048344, -2.201413533410225], [-23.835043470774313, -1.541693054715033, -12.572503736215992], [-11.43616316770574, -15.422454593764085, 27.22149293479412], [-6.1553802435342355, -29.785593992095855, -0.2842702524673584], [12.0118648288651, 18.916218974092175, 15.203209760524985], [12.129735956985513, -18.11426231103397, -8.993677354434265], [-2.431676238523284, -21.782259090794604, -4.357351834922728], [-23.91071060723572, -24.764663087633824, 20.17114366187618], [-19.863146494923654, -1.6278952745864714, 7.494743889655517], [26.338133038228236, -11.620606469858398, -19.132713101065182], [22.525280593574806, -11.784852135056479, -13.340815644750602], [-20.992326218406212, -3.3190906654644223, -16.111516446218936], [-8.4683041953041, -9.981205393488477, 7.493254186969189], [-3.2578681747923035, 10.676606608743512, -11.948587859354276], [-10.657092236002775, 29.896771810306106, -15.703565530847253], [15.771688727610176, 11.975200983201788, 8.87043906918673], [-22.706304044898737, -29.66566096401205, 14.733195499887138], [-25.01829006645797, -15.436852779385273, 29.35365790573647], [27.96685052316375, 25.27948498908559, 4.995868766073528], [-2.6260777977054026, -2.2597438792968987, -9.615651105007576], [28.041198129903357, 18.958772914349225, 29.515514244660736], [-11.947097197020653, 4.791043521388957, 10.92407166934806], [-6.982250727408513, 5.050680007438004, -18.208966901653717]]
最小値:78.72884025390442
入力値:[-28.02876370629314, 17.14787175130374, -4.287583112387445]
経過時間:221.54233598709106sec
num_evaluation of BBF = 200.0
 input_history 
[[3.0478741544745276, 12.488869357086287, -12.54571566522334], [0.6496563118597791, 23.57681726085928, 23.777585336006283], [-22.464881372169824, -17.565427311708795, -26.911967801950208], [-3.551409380961811, -28.207427347285982, -2.590006536317336], [8.948642856885641, -13.290763041121483, 10.575294118807875], [5.451769044981049, -28.561087057370077, 3.531245279452918], [-14.444853185552075, -5.093928179395821, -12.988495093720875], [11.588275098779782, -3.572776939755631, -20.587935691502203], [2.6789410819106863, 16.818885870682024, -11.618188057429215], [-16.682526964069115, -6.7217245466610755, 26.18301899162583]]
最小値:82.13244578935021
入力値:[5.451769044981049, -28.561087057370077, 3.531245279452918]
経過時間:44.430325508117676sec
num_evaluation of BBF = 10.0
 input_history 
[[28.559725348376027, 10.34302055476882, 24.170046512303884], [20.74505227759076, -7.320357520266651, -24.466979467696547], [9.204654151412171, 3.470445743307053, -8.306114216245312], [-16.496729709610086, -5.608805017425084, -1.863585078049855], [-13.845865304936325, -12.492433546474043, -2.538816040621324], [21.632034776815587, 5.175174268069284, -12.990728254067413], [-13.321349602583922, -2.7226754686831924, -17.67537932370075], [-17.917277337415612, 0.8421035890465163, -24.76623787315172], [-0.9848680589048087, -8.269427256729998, 12.461197308940264], [14.804773386120274, 11.465575311345859, 11.35082482529485], [-7.583992551064302, 10.088088284116054, -9.609080162590928], [4.367632192132504, -10.45157051610753, -3.2912970441880773], [-26.308264150203645, -15.439474668939713, 28.29615637041406], [-16.16494773869556, 11.488650656839816, 9.028611492824375], [13.436348366248929, -1.494683361934122, 5.799826476111768], [-25.98183456403042, -25.646271730665994, -18.0614384221753], [-20.888340179487535, -23.993739325113317, -22.24236812346875], [3.1966639084592074, -18.731110504567305, 27.126074581872494], [10.8967067284456, 2.461180401586269, 12.430836048473864], [-14.166799742849197, 25.603541055223666, 20.35158346799824]]
最小値:80.01377405732107
入力値:[-14.166799742849197, 25.603541055223666, 20.35158346799824]
経過時間:87.69428992271423sec
num_evaluation of BBF = 30.0
 input_history 
[[13.579169905682235, -1.1856026348753979, 20.526191152598805], [14.685139405461555, 9.619554383976748, 24.838516020356266], [8.019933827254484, -8.043564908843436, 3.170674389026736], [-18.21716539799179, -18.47566221638381, 13.540177435969255], [17.09620220586787, 28.325901821025944, 21.058285022490104], [2.6156595957493636, -24.612547828616112, -0.6676053230332322], [25.676180853727537, 17.257091970208577, -0.8943464367547129], [-2.6832383111468197, -16.920853895438785, -19.367197151890586], [-25.582579846838545, 23.54359125522555, 8.410597013943537], [-21.400060951720718, -5.1523848170275635, -27.05346453612758], [-17.437599028658184, 13.8424874477423, 9.067366226495963], [-1.261302157381337, -13.513169670261643, 9.133387503971086], [27.386970679042825, -3.86876662948843, -25.792049694739788], [-26.536110730621946, -25.027738872146553, 27.58243123519327], [2.4456501711896337, 20.247745960183344, -19.79798734577192], [-14.379295636265091, 11.518650712370565, 23.734219688519012], [-9.558690932390427, -26.119608120583003, 21.84718016463863], [-12.547653250231438, 14.464944383973751, -20.517980717910362], [11.697806108452554, 20.48517714186889, 13.629124724802558], [-8.453548508190515, 13.60138508941187, -21.63197254905238]]
最小値:76.96558169463385
入力値:[-25.582579846838545, 23.54359125522555, 8.410597013943537]
経過時間:88.54808902740479sec
num_evaluation of BBF = 50.0
 input_history 
[[-11.170853086006677, -4.825034599023329, 22.63272233665903], [-20.77558748573142, 22.807487414958935, 17.937859153248233], [28.297457824678844, -7.937821001792376, -17.703613865533256], [-15.565780779924058, 19.67176808528525, 27.91368891563492], [11.928599902825411, -1.0501774935702066, -12.77701411913203], [20.02127306058958, 22.330770503965553, -24.472104491964505], [-17.043031738813397, 19.905665427471988, 20.89823382476976], [-11.12082007416016, -13.242324189188622, -4.151098678892399], [2.3667900158800066, -24.265991099603184, 20.21472832281691], [2.08409222107926, 16.498068902455415, -16.14982406542039], [27.91760106638194, 15.061638439102758, -9.414368136482313], [26.911658817597285, 12.030706737976367, 20.433665129174216], [-27.270161648647868, -26.66150753689871, 14.564236412977728], [-11.718814023096478, 1.0070619505947178, -20.62425457972359], [28.677144579419085, 0.16506286046517005, 19.740064708483523], [-25.557732223200215, -1.2650728669297102, -26.263231175653445], [23.054485865264233, -3.251389277222472, -25.887004904289796], [-25.410223061042576, 2.327559480190203, -25.466015729686156], [-18.973660919253433, -3.818574950009161, -0.1330301388925541], [4.998714914505442, 7.23076088429444, -7.631310021439891], [7.124194978834794, -20.565320496891825, -13.469491473978383], [17.92309623577863, -20.81464195640903, -16.600621626855794], [-15.421309218362696, -1.229561710615986, -29.955268677486124], [-28.181318368652008, -2.307110901131672, -20.248758908008845], [10.770108226397113, 17.71227523059831, 4.689801524262613], [11.685898630392344, -6.542519055967279, -27.2222278204231], [-3.634708042221039, -7.681181267433615, 5.820194532019805], [-21.946909818058014, -16.337226196689844, 18.88694499163679], [-14.140468401587212, -5.3807877055702065, 26.158330589746896], [-13.466852218748727, -21.282602468786166, 12.121207759887142], [4.023993026476475, 6.69563013279582, -27.478148940385584], [-4.9639863145663945, -29.744013949970434, -15.20787186834663], [12.363371015040379, -26.307557044758013, -12.318390083803209], [29.28676516873069, 28.273333813618528, -1.089216679217703], [14.141603191694756, 7.9593464511683365, -2.0584157133757977], [21.42398595847918, -19.64890487002926, 19.705915334646633], [-27.475828592500918, 22.01722150876791, 10.559795248094865], [-3.245153405347885, 10.29421485805662, -2.377889766645488], [16.80019334271511, -23.19335496815296, 0.48944573091632293], [22.289372396632373, 25.65175654872135, -16.77982010710124], [-14.884181846722866, 24.240748296539323, -9.26895967709229], [-26.587645557077064, 12.893200326721967, -5.134868450798528], [14.119451249708646, -1.374501993397839, 0.0339332661859153], [-4.946285375484631, -12.57090623789091, 24.042652043241056], [10.127254679106436, 17.329940600578027, 23.74437186558704], [-14.988663456638395, 25.189236838345344, 21.756305235513487], [0.36511572749918386, 4.074130448641839, -23.104065717793286], [15.726950433466115, -19.60649956894058, 2.0301624603545747], [-22.41376168627685, -25.624974385070566, 6.541646625633874], [-0.5278122230592004, 10.48859608435636, 17.45125098325706]]
最小値:76.96558169463385
入力値:[-25.582579846838545, 23.54359125522555, 8.410597013943537]
経過時間:254.53755617141724sec
num_evaluation of BBF = 100.0
 input_history 
[[28.961249558733975, -24.95515913539912, 7.872726746014827], [4.618493722886875, 9.038530607502182, 2.5907672888627786], [3.442043251812102, 22.113278018429313, -2.8793030177054817], [2.0985347178216855, 11.457822225915905, -24.630300516293467], [-4.084480866761414, -23.871946757730704, -21.731406425338], [-29.87246649204546, -17.417613830302727, -17.001764253705947], [0.9746688740665732, 4.212494309414588, 19.437670830194833], [-0.7973286706105718, 23.4872759353075, -6.296352613490054], [14.676686825066547, 3.1654357450429416, 7.429505146339565], [-13.776480187001244, 26.25570047638734, 16.17928292147387], [-21.264298255805603, 2.2460621966744085, 29.74717833333513], [-27.0566200496921, -11.830809724943194, 14.448802281129979], [-27.63831314084311, 14.800265459535495, 4.405276799025664], [13.902340533723994, 3.0499557525979952, 26.364208698069525], [-9.21589782598377, 4.468167596173679, -26.953201259863423], [3.20597004926141, -4.8364233811237725, 28.989707267412086], [26.736439130222678, -21.70323510851398, -27.503061508142267], [-22.75949597586557, -18.435181936810785, 13.57007965863314], [2.6386772123234152, 2.0955200721168907, -2.1277812322477843], [-29.59834689710902, -6.451685187332, 29.936306475581617], [19.217472324716837, 4.371642656382328, -18.21222235828326], [25.22816547056123, -4.551165155732196, 7.159636384768966], [-17.813540595529485, -10.316055371873297, -9.302792223924257], [-6.314887775882351, -28.666086806568707, 9.620823131711902], [-19.800598920130547, 6.198015795196895, 7.174820792088411], [11.874284785940617, -12.484128837219835, -12.478080806139232], [15.331768614170166, -6.706548283893941, -20.852204342515478], [24.31589407681286, -29.215031402869105, 23.189064459346937], [-12.46459344287484, -7.090497593276442, 28.704309143763346], [-3.7994555135902672, 12.952918724511981, -5.257033984066734], [24.812148730158547, 13.169429952620256, -1.158492693876731], [-24.946701060952794, -8.181967930277402, -0.5635978591643998], [-12.968148992916973, 2.0784305651788983, -17.420935909100525], [-0.3402254674925267, 1.6803117094265438, 10.401578436246965], [14.721950704919685, 13.798424521534344, -4.5530459826870775], [-2.6428601335863036, 22.410426088187528, -8.23272464576159], [14.281969857458122, 29.64403390140062, 25.48850301221772], [2.954212067545676, -11.693316787521837, 7.33875815105101], [11.058100093872895, 1.617735294977635, -9.511402150599327], [-2.6744057196363116, -25.092555419089173, -12.523067700064374], [-21.306194700886344, 9.988843849289061, 27.55404849229975], [-20.56591901606319, -28.302355688902374, 14.481430152976657], [-8.750130613938008, 0.35797659805927395, -26.337115489287516], [-19.33410319571312, 11.730377516448911, 6.312637177032343], [21.204673345133976, 27.775392812296133, -8.423094053685631], [7.214910399649767, -3.1393552672045963, 0.3358177619760383], [-6.509894484617366, 28.64365361691752, 7.4182690475052695], [-21.486874350440335, 11.863706486200144, 27.9453754400756], [23.690963199181603, 3.480245002068969, -29.117112975083952], [18.33277990608822, 25.911680400068413, 14.035738922498673]]
最小値:76.96558169463385
入力値:[-25.582579846838545, 23.54359125522555, 8.410597013943537]
経過時間:238.9946494102478sec
num_evaluation of BBF = 150.0
 input_history 
[[-4.262812362497435, -7.149533496828941, 14.67628581930287], [-23.528934171008217, 17.081750836554, -0.07168689720005972], [-25.792859212388123, 19.38271284772091, -6.49755136079499], [-23.594103859190355, -19.57209334751248, 21.56595694736876], [-19.63549203021881, 17.05502793106168, 18.246966019002436], [-24.808911261749977, -3.876805321458832, 17.229538404599616], [-0.5963471275977206, 21.960949123746488, -7.216724998459977], [7.698865129265393, -17.188784100693372, 20.53538304683228], [20.361437184004878, 3.950060073455589, -10.614693202929047], [-9.145908545180468, 5.680964522266272, -22.295455401878115], [0.6283703750707303, -12.274423741252054, -9.505298743478782], [-10.689656986679093, 20.072231016880842, -19.469963257343924], [-15.81314590711907, -20.131504688933152, -29.093953605760557], [-4.463716208782095, 20.63684952639605, 24.16495544422206], [-0.7580602862774732, -4.717418480293112, 22.090033860047214], [1.709686631470241, 2.9200304944223774, 8.95871508360905], [-25.223236158332742, 20.310334608899602, -23.65541748537333], [1.9392927922856025, 25.560572545009066, 2.9224087783606194], [-9.467529381895822, 13.597852059874391, 24.060873019226506], [6.974121960711443, -26.646831436490018, 22.72851590524551], [-28.921352918174904, 10.694354223549148, 24.0027613858923], [-20.55326617009969, 1.689907788004227, 12.303275384855944], [-19.46930221516758, -15.288144926908503, -26.005800662924802], [-20.459849489613696, -22.910275833129496, -12.561454054955597], [15.034405132738797, 11.621068265880147, 15.756145300307203], [9.579836607191417, 17.65405185049569, -21.062621287194244], [3.258815626833403, -28.71241482440428, -0.5001661658045755], [20.6050108265812, -1.6627726033903727, -12.264841397937111], [-13.520699929954297, -6.387513307518713, 24.82938000799593], [28.45776384104593, 14.902982666950173, 29.25060439410329], [15.734303965755274, -12.945589115571558, -3.8950775007895118], [13.388949604265036, 12.560401108315254, 10.687502992407651], [-0.7267138285881778, -21.412072284290407, 27.578314357250882], [-16.792605488211432, 28.76306069082743, -22.3545750941556], [28.820138047059594, -7.433031971447257, 18.6561966538427], [-29.56247264205852, -3.2999524538969567, -15.063493637411387], [11.671512128692157, 9.781604939917798, -2.2849049959866434], [12.39815176499011, 28.695696842631186, -24.405145255323433], [3.760563435072285, 10.55766299790038, 7.993114811888411], [-14.264861579383812, 22.49722767883702, -15.268130494555525], [20.697692747426345, -1.7562830638851565, -21.414448779327188], [19.447776289557957, -25.30906193420782, 17.699377736805218], [6.000733059480801, 22.59957006301341, 18.192271024110546], [-5.881754920757679, -21.888470811208954, -14.028510192231316], [-29.92064794466004, 9.20419488095554, -24.869255923170368], [-19.24268538159373, -15.301408345046283, -5.633851056173153], [11.207996877543643, -3.3319461320162524, 0.2262339516164431], [-24.40753216340575, -9.709355933801291, -17.59988731444171], [14.348252915011386, -28.940843119614016, 7.007756503010299], [11.873215540178471, 0.2785810272989977, -27.33134996071309]]
最小値:76.96558169463385
入力値:[-25.582579846838545, 23.54359125522555, 8.410597013943537]
経過時間:237.54746413230896sec
num_evaluation of BBF = 200.0
 input_history 
[[28.0217903408206, 2.8339349505433375, 28.361061597893062], [12.888959620461883, 11.863729475836251, -17.03463026517742], [28.576467286574506, -29.62618468772461, -14.821058256993362], [-3.9125080557332517, 16.762975307625148, -18.138895523984814], [21.77959413595333, 29.004040630518766, -20.169465515718077], [5.8400366359715505, -29.4608341399467, -6.805723041382237], [-27.350396524110025, 27.399178062854155, -3.831201187212141], [26.938638406893766, 17.17835915610366, 21.97735791490191], [-19.61007471024311, -25.50308477921358, 6.044563282666161], [-19.92166897689577, 14.002810050634196, -5.493368390879116]]
最小値:77.33354644378869
入力値:[-27.350396524110025, 27.399178062854155, -3.831201187212141]
経過時間:48.93292808532715sec
num_evaluation of BBF = 10.0
 input_history 
[[1.6745294050752193, 26.254295037056522, 1.3017673466974813], [-23.50839702676616, -20.506595568912033, 2.7121591021927713], [1.4642448041084037, 8.256614647559616, -5.9102733845836255], [8.98830654116054, -6.18599982589604, 7.434966812893386], [16.04429802540743, -19.261565397532152, -7.465453884747458], [0.15198355961606325, 11.200024794980749, -14.779221080317011], [3.28445177655351, 7.495850643845863, 23.730069963368763], [-8.228784694012415, 8.253424381124198, -18.513215872862197], [-0.13235312296165702, -19.053275725727588, 25.102982348385765], [-4.090675719526342, 19.81128612590078, -4.993421719298247], [24.280055324602017, -5.710486961345637, -10.129529814532635], [4.328326216364914, 20.7266189456468, 21.660858705184317], [5.7412870241000675, -24.920303338775383, 5.835996439150492], [-15.272777485013872, 13.955606915398064, 23.679077539004325], [0.884038254788706, 6.213810621612382, -26.09593125703156], [2.404483778568377, -22.24879297977374, 6.873770781019921], [-8.180979177309727, 16.065482059844747, -27.087951814826848], [-23.41091291292936, 11.04139290741766, 0.8792218250193891], [4.2984822968849485, 20.62241963943932, -0.7357416510195449], [18.608665327568694, 0.6146177576964043, 25.603241594415074]]
最小値:77.33354644378869
入力値:[-27.350396524110025, 27.399178062854155, -3.831201187212141]
経過時間:96.42572617530823sec
num_evaluation of BBF = 30.0
 input_history 
[[10.01566629237756, -21.07638963395658, -8.12680948045465], [21.946494956645957, -8.98288734866906, -18.65845443263071], [-1.6427214500536174, -6.433129510672202, 7.135795598645615], [-3.794022483629206, -14.344670562330268, -5.25166730023459], [-4.857957926861978, 24.145311352568456, 28.77697572242912], [7.414130364414831, -25.00895264574833, 13.979923055759699], [10.721124148739044, 19.561372021513172, -9.152919797336661], [-26.467194350512614, 6.709308987317527, -22.55912290120368], [15.571771749799886, 17.66539905459853, -5.482392795006124], [26.627850352982733, -19.57321237468345, 26.555150983618816], [-2.0706195109478607, 15.779618476521968, 15.169211728824777], [28.872595147875643, 28.396679647735837, -27.5945325215299], [-29.04172334810636, 2.5974189014120483, -27.96734292609545], [9.44907815011635, 2.0941560998671562, 9.993503766015607], [-3.519557737639797, -13.651712476575831, 26.980136396870634], [13.696166411594817, -29.620563764071036, -24.04033410634953], [7.901534707498776, -12.717790380137512, -5.542699362500542], [16.891867433862586, -8.751267709238078, 25.54851583675554], [13.227127285476982, 3.115586443882478, -19.14210983849386], [-5.424516619941034, 15.772907390599407, 29.44780911102343]]
最小値:77.33354644378869
入力値:[-27.350396524110025, 27.399178062854155, -3.831201187212141]
経過時間:90.11028289794922sec
num_evaluation of BBF = 50.0
 input_history 
[[-25.580857552762403, -21.914843579893365, 14.402683800115554], [20.026882195283477, -24.67362855658784, 19.765076983260343], [17.20393886610507, 11.293276392247563, -9.604415011070696], [-3.3275601279419753, -8.019831644907942, 20.427963883330932], [-10.300671787145511, -10.645501424804657, 26.11745143402125], [25.199240861873868, 28.12044752263091, 18.452937192876043], [-24.785062941434084, -24.545366902745386, 3.4249245159122452], [21.371026255669058, 23.051871838516092, 8.210920371996053], [27.34827563903493, -20.886863926038167, -16.705144201166817], [-10.050289980750211, -14.59170474710657, -11.267698063196885], [-22.893269019984913, -7.47959139981986, -28.21356019603565], [2.2668999705327977, 26.7496976805266, -3.2924884163839145], [7.4491946598194545, 6.708740916103743, 26.002750084862413], [14.071143180518959, 19.48925569236146, -9.849035405852597], [24.44787878568487, -18.88744594960123, -5.521063866362951], [14.247118404880574, -9.992617094172335, 23.168053881247964], [21.639351728152874, -20.092912776006763, -16.155243496333433], [-26.853907278815843, 21.523250909357103, -9.646505506552867], [-6.405196298006665, -13.778071065701866, -22.60632667623529], [-2.583645494276084, -15.916976815029502, 3.789194095795544], [-17.834097135632472, 0.6832369281449218, 26.899553036573153], [-7.689977618228397, 27.25314535996081, -26.56764502466119], [2.9283070969249394, 5.9878494713519785, 27.705199064751582], [25.511107873705363, 0.6543677710833151, 15.569168409916848], [28.554316896450928, 14.190015837796132, 27.237358437256958], [26.33363875915596, -1.093970316004139, 9.593653852813091], [-19.209022024926107, -3.7785916550717253, 21.967451330423614], [4.633924215146223, -13.232783748563591, -22.632644834039045], [-16.08868789089872, -22.500446112796563, -15.973174186338014], [-6.985199397580672, -27.42608814698558, 20.32264181234835], [-5.771384297567945, 4.042137869778827, 8.168040885848598], [-22.029479612034628, -25.037543291228612, -20.608067236094808], [29.17348339980316, -23.729085481003835, -4.640644712063736], [22.503740828040783, 5.056539162527258, -28.94797971769266], [23.322154862184703, -6.951140207074463, -19.93618753476482], [-9.769210160630628, 5.648887912461902, -27.735289197830166], [8.598511278870156, 6.606384019111317, -16.2723646729786], [-4.438934386479353, -18.389102192126813, -28.72020962990674], [5.035192436799278, -3.278577328358544, 20.5233988825212], [-18.056660762174765, -3.564057170315344, 10.047271951686312], [-25.89992219897625, -8.679802267012313, 11.16217818865595], [-15.29568617735082, -8.161360652037388, 4.641821927458757], [-5.433864463377116, 22.606890160305277, 21.592876683594056], [20.03861356108193, -4.423729998618185, -18.59220026445711], [8.331786188615716, -4.310701113467982, 0.34842424669544414], [9.06309350206552, 26.396492072119862, 18.494983598036434], [-22.607002005064476, 24.447732541180713, 10.624039962529821], [-10.834488289831647, 13.799579313074965, -1.5021648496284037], [3.6619538289270253, 4.309481618603087, -20.910645045310947], [-8.281072903134262, -3.855915525360018, -26.53649404986105]]
最小値:76.84818661448334
入力値:[-22.607002005064476, 24.447732541180713, 10.624039962529821]
経過時間:248.4689576625824sec
num_evaluation of BBF = 100.0
 input_history 
[[13.423950644930237, -10.391713837333764, -1.388828050131064], [26.883468319299546, 22.07809974770437, -13.614229401714177], [-5.983697832706486, 4.274052233110005, -22.831084934123673], [17.771062713071494, -10.574882395055251, -23.062280767986305], [12.431990910540136, 0.8944942850897988, -28.3739759423736], [3.767016788165101, 15.852530666855891, -28.137439919902107], [9.455257242284567, -14.991485331760801, -3.8834215085829022], [-25.669954795944633, 1.9337113749012076, 26.329734519337457], [-11.711057538405417, -26.187757257486865, 20.89357964004048], [26.855613916150254, -0.5357549644606436, 24.510569066514627], [24.51842475412912, 14.071150799764574, 19.879639929041957], [-20.279745965756938, 20.732346024956342, -5.061460550540215], [-12.798777816482886, 3.7117361821611397, 21.44959408941377], [-4.009880771469955, -25.333873924449314, -12.763303185460924], [-12.881344084032772, 11.823086272901733, 27.303956260389953], [3.008845655283096, -14.783248453983271, 12.187792803102312], [-21.136379299633184, -26.302254364402902, 8.940464043823631], [-7.454860768794973, -2.951536270062853, -25.56105319342764], [-1.21873082598578, 6.368652782291264, 28.950712077006045], [-28.71180664610913, 1.0048058328921563, -0.7939731881258716], [7.508471686814055, 21.190405987310655, -0.11802545323946845], [4.354870045464438, 0.15327106697844783, 17.78652203705451], [24.416106842858042, -10.640339179507873, 13.463820356255113], [9.28535690479174, -7.6027300709750705, 18.209759961563755], [11.703220633010034, -0.4876038264043103, 4.315350617370001], [26.936365872957566, 8.41020557841668, 8.093467476766932], [-7.1616065018805095, 16.914269317270914, 22.343039052388363], [-11.430541330112263, -10.415293731726567, 10.39178835123326], [-12.668704538745775, -25.097158468001986, -12.714055702708038], [11.824713446268035, 0.15992916988929196, 4.803809668297028], [7.574252063815443, 2.106256342801096, 27.678227823157094], [18.639804525762507, 27.802930108105613, 11.600669443038832], [18.10284537412528, 15.083007142623941, 26.4658508363688], [-9.572842514344469, -10.53470469348559, -29.284720317338216], [-25.93151042499622, 27.700475165275442, -1.5043756591728439], [-22.701741860194872, -23.526946458283852, 1.0560074033358084], [9.0900833472948, 20.04704053953016, 4.286719373730612], [-9.965846808728866, 12.048433817383746, -18.738436893359037], [-10.032503803228217, -22.74412435697982, 10.84134205676662], [2.379099208223373, -3.631548887912274, -16.184029069063985], [20.621511915815212, -6.212116394019638, 24.73798339147814], [-13.692394944507637, 8.235126797934768, 14.24890012249029], [-19.843586121424103, -19.075499536995594, 15.879388698020506], [-24.635060644775805, -1.2989683242854326, -25.030588613368387], [27.824966527858976, 20.111954679309143, -16.05754186480088], [20.605116514288603, 14.851312747881948, -23.493201067009746], [-13.985862191687183, 8.510695100307892, 12.428797720304281], [-9.382783755618252, -22.260973108594957, -0.3078169098241119], [15.839522825324636, 1.2672199848492767, -18.336065703388723], [-11.739508190229053, 15.442583556626758, -2.3579716195944407]]
最小値:76.02465113827974
入力値:[-25.93151042499622, 27.700475165275442, -1.5043756591728439]
経過時間:242.155029296875sec
num_evaluation of BBF = 150.0
 input_history 
[[15.914603791836868, -19.43919093121204, 11.095730924877593], [17.97489266903164, 23.247740445847825, -12.10038024658872], [24.729320544464187, 5.141002855975344, -12.349976560176948], [-28.14258555843021, 9.880257892932221, 26.9640898539909], [4.47000073526938, -11.98312405856263, -10.2142721140176], [-0.5596852825092284, 29.037942945772294, -4.167209294428609], [-6.767646980437259, -0.32786499650632805, -16.69705737677485], [-12.55528078970529, 18.60493602650481, 23.572547713629675], [-7.78655226102536, -1.0741291771100379, 24.210462154016604], [12.805045979427717, -2.5344478219749433, 27.487127433233283], [23.12747449534198, -2.2478008623102, -18.39486153954738], [20.16341390044809, 23.857415248349767, 10.317384477843973], [18.32331111166468, -28.858867169952717, 7.237409263363503], [18.421232078113455, -12.84859346459006, -20.67770141440134], [23.427470318762055, 16.940390835692867, -8.50691721514503], [4.660232360852355, -16.324950322261945, -10.121145913577159], [11.195957064117017, 15.671133301410741, 22.777106152942714], [9.533943894067725, 17.965578603825996, -18.626587304579555], [13.14590963235893, 28.85157790803715, 24.526695570630054], [17.05724915541432, 23.57994180599578, -2.695025586622176], [-10.936257949761838, 8.331868726199176, 5.129239637571523], [-27.578514260100505, -13.805653282371917, 5.067041067386711], [-26.106038379893153, -26.234891218402087, -7.417462718037001], [-22.7295715816325, -5.116935181384214, 10.492843146780189], [-1.665951501513657, -28.885746325614925, 25.71086097268794], [-14.94382862297626, -29.556654196266248, -3.4464206775962793], [21.036267904578224, 26.01823828788971, -22.008713858902446], [-25.85416195076028, 20.082153301551465, 20.65432355706956], [24.892939374956597, 17.428927437557782, 20.18259637079175], [19.064863461202393, -27.61143179250953, -19.43428918098092], [-27.385084932363142, -29.94559978708266, 28.595820391550014], [29.96184237810784, 3.3318169204161237, -21.12086519401479], [-21.82954492286578, 24.690367187370384, 25.06448069073025], [5.085740025987981, 13.338468336621418, 5.976674763277394], [12.776778912883998, 28.69928614877181, -3.9115348834454693], [-25.367551667282434, -25.325431661658353, 9.248212132214398], [-26.46688953188957, -23.519338268035078, 22.983634006859276], [26.280242821752545, -23.187768445653425, -16.744268578852125], [29.44006878419887, 25.179012862759727, 7.691605603934065], [-1.5621549272624478, 17.39114723246294, -0.7338032184934242], [28.540187943497855, 16.095731584581905, 8.22306443369169], [-23.27527117952168, 13.223686532095556, -22.9519405866384], [-21.221303537535235, 21.74826733865983, 4.402362282958208], [3.778718290264763, 11.905680735058333, 20.719282528677866], [26.80617183001769, -26.122662113651526, -27.588129447678416], [-25.34644986107933, 28.679770557964154, 2.0454064393999403], [-7.466104851689536, 6.555812880386867, -22.72436785254427], [-6.672619889338279, -12.235748370264943, 10.489681770727692], [-20.605639805312777, 28.38279106154711, -27.53080622131133], [-23.82475323385961, -20.084337078738024, 29.389155411944046]]
最小値:76.02465113827974
入力値:[-25.93151042499622, 27.700475165275442, -1.5043756591728439]
経過時間:222.1537344455719sec
num_evaluation of BBF = 200.0
 input_history 
[[-16.68040973461563, 22.24393837064258, -17.596850679634414], [25.116654476275293, -0.6953286723102501, 6.704631774158742], [15.95447138881893, 1.1050792723765959, -12.191969905426681], [-18.736726280324902, -25.15552387410751, 14.3064177719382], [-3.5214466262428132, -20.501407937240927, 22.79622187207673], [-13.554812280466521, -5.14589885513692, -12.235204035981123], [7.727274532769002, 4.790268611372703, 5.995751797499253], [-14.050852947869565, -12.918847161518173, -14.78470765357275], [-10.346163138675955, -21.350141960794772, -20.063228327923945], [27.835831744076515, 27.613602917141627, -18.695120664243888]]
最小値:82.0906091962621
入力値:[27.835831744076515, 27.613602917141627, -18.695120664243888]
経過時間:47.52943801879883sec
num_evaluation of BBF = 10.0
 input_history 
[[-28.541606302230782, -17.72666721720296, 11.99061684759345], [16.770875133331785, -28.62401445365511, 4.659771487785363], [-29.901469637037284, 0.9283567143236091, 8.387710567851428], [29.137464168251327, -14.454144215333656, 18.14981311577221], [22.228985220088987, 25.364976836740198, -29.867147248053385], [-1.8306976945453641, 28.888124256360626, -6.063311765828971], [18.82394865521509, 2.7873898783486624, 16.251245228413474], [-0.9041355006925187, -28.253306179636937, -24.808458695867692], [-23.3127712573186, -14.92529329856714, 27.894917551581898], [7.905963164264726, 18.999612156921714, 3.9649197655653836], [8.121372334913588, 18.714143470824638, 25.600956914632455], [24.757605822226992, 19.488643226311524, -24.34783606936064], [-8.337094892171454, -27.869458094380185, 2.781500912448415], [17.768563251360256, -26.931431813919172, -18.679935852413525], [-8.07133392527011, -15.342547982525499, 17.705248375261917], [-8.874303854017889, 8.332660923621923, -0.3950968861944162], [5.009984623203394, 26.357961117891094, 26.612404920952777], [-23.298454368985716, 20.613297966613423, -9.238310894642858], [-23.95036362824129, -6.995456035973085, 0.6212878403548743], [27.666184917907792, -7.709243080319563, -29.257835303978542]]
最小値:80.4593603441414
入力値:[-29.901469637037284, 0.9283567143236091, 8.387710567851428]
経過時間:89.2631311416626sec
num_evaluation of BBF = 30.0
 input_history 
[[21.58241321929149, -23.333355027578087, -1.299657360792903], [20.998801943171614, 0.8842780200407461, -3.2035303246612052], [18.02858524503418, -28.776517293110963, 4.357118928467955], [-5.316983053237408, 29.10820786174827, 18.084091824664206], [-26.76227387129119, -18.57133359266984, -2.854869250981473], [12.176524627078692, -10.077111027859356, -8.401008289721542], [25.288233957550617, 27.217830343640827, -5.538856279371384], [23.914269293083393, -10.184804882429624, -25.03568585520074], [1.6030539275154823, 9.650663457503121, 23.579057661317904], [27.909452820860437, 16.19596061347888, 15.545947097359559], [12.602942841266305, 12.093169954882342, 16.039882867067007], [28.460968733138635, -7.577128956241843, -25.016733417693306], [-15.621573623266505, -16.711034397420292, -8.184012191753638], [18.618853926741103, -26.394229808019013, -3.015386526206637], [18.790231649000695, -14.145697527561072, -26.195941081597883], [-15.473539664643907, -24.895772294987065, 18.46664612084112], [-19.78499546171507, -18.279322466253678, 18.87852069347162], [18.61713175094974, 5.362432694024555, 24.88406040704772], [-26.410701794721923, 27.899798416219937, 4.258513011348349], [-11.848913249976341, 19.542349589901043, 9.565036821199278]]
最小値:78.28526739066479
入力値:[-26.410701794721923, 27.899798416219937, 4.258513011348349]
経過時間:91.84166884422302sec
num_evaluation of BBF = 50.0
 input_history 
[[29.190086484203754, -23.550627985494064, 4.855111658003722], [-1.6303106965627912, 9.136247159262034, -15.488456754154251], [-28.132196194895634, 2.6539411647711475, -8.1173892724569], [23.539996517910645, -2.4392643144813455, -4.88075399778603], [7.974332447458032, 1.6307299767937309, 27.672668410446917], [17.340606873374625, -0.19826945264432894, -17.331539946345732], [6.239048465777017, 14.914548633289066, 15.351829875636852], [29.610240475960033, -16.89013311959407, -4.461759987900798], [-4.569023831686639, -10.881213739060119, -8.080018863935816], [-1.3235213937266153, 2.525424544620506, -14.086185202392123], [-21.938176328858482, -11.886834136036207, -21.81119437072349], [-10.93798779884462, 10.750960852265464, 6.080469353723295], [29.83352799377532, 3.6548753886091205, 2.923571825590855], [8.540972409313326, 13.607362238014566, 6.948812371109717], [5.310003898384267, 6.300258809412142, -8.712872358122318], [16.64291967771085, 6.276198853997002, -11.446153711591368], [-15.262140087350357, -25.724040954301934, -9.136249939972046], [-29.22911556117579, -20.06149040170221, -26.378014054933338], [-13.310643966773014, -9.100080339659335, 5.473338683379389], [16.500787802166514, 7.485268029743182, -20.419144000659973], [23.625759193937213, 13.835475960402128, -0.13391884414792798], [8.61841316345965, 0.5685056584453534, -19.907510518883207], [8.487886352269904, 29.290065777769613, 16.21976178705549], [-19.111127452832633, -22.813858754491015, 25.820510579264564], [24.605845977737502, 14.95107957662593, 15.631892425004487], [-21.42745212724016, 18.71665149344546, -18.4632422534715], [-20.715293427519732, -5.575262608711821, -29.97702633795174], [20.73106896982859, -20.33205279936356, 14.355044093559627], [4.974648955404817, 16.215600178287666, 5.999590004261158], [27.688049150770325, -7.213296634906964, -0.17937899549669112], [-9.699681061628205, 14.565044491051871, -11.970247813593645], [17.927176474000092, -24.8430132402115, -15.860181740089644], [-3.709866443630389, -22.43724881227593, -17.81808115273099], [20.49256451178811, -7.654052705010891, -16.879096232540615], [20.767969347045913, 4.522479903549126, 8.022988637440228], [23.335712620566973, 12.837543538093094, -14.093239904931295], [-29.417501500011085, 2.967807571739428, 12.451573517519776], [18.341676578401383, -18.56061994810247, 8.052856561478144], [26.313176046563406, -14.508816945281303, -12.451172422153963], [-4.461359277646476, 4.27071609574385, 29.403333199384228], [5.2919767622774145, 23.27396381777841, 9.37267674264389], [-1.6332675533995875, -11.667088216409677, -8.989225314198215], [16.6280575348338, -19.349457160793182, -21.723878496233258], [-17.2173021423329, 10.13480640852908, -7.715703179073191], [-17.609839285030162, -10.157735807519888, -25.102226255091686], [-3.80786679181368, 18.672958951991724, -3.252452328558551], [-3.1613907604044194, -28.34829219133824, -13.261339675539226], [-25.489770006801457, -27.135697373184048, 21.815134791066598], [12.85905541872966, 19.82626202257447, -22.02565221634827], [-8.082812427298379, 24.793052538949077, -3.9967265407435875]]
最小値:78.28526739066479
入力値:[-26.410701794721923, 27.899798416219937, 4.258513011348349]
経過時間:219.311674118042sec
num_evaluation of BBF = 100.0
 input_history 
[[25.53910878502073, 27.682084567887046, -29.603513520625526], [-4.0241648691971506, 4.986757730615324, -9.070345666614212], [-7.438078925712233, -8.650705430532096, -16.13802748961927], [-28.437765334418433, 13.871039992094545, 29.910946035770046], [-27.699484190398522, 21.54589301718316, 2.6582958582272695], [-28.828802470609006, -25.871015485580653, 1.5269688646494153], [-23.726387613472042, -12.24015434038455, -13.509935759291757], [28.236342453705674, -1.8200109037098429, -12.889136143771502], [26.294525600529127, 28.003600130188786, 13.163992970152329], [-21.787258060747057, 23.39393912657671, -3.524382386718081], [17.16764269182368, 13.289323701118157, 9.189844665032389], [16.018387957858593, 18.709815326362687, -2.3003075589543975], [-0.9227635208222793, -24.156825315946435, -7.748234012860948], [23.16805756967714, -16.78367843282919, 14.934907150767302], [18.39777990922, -18.205930212338295, 15.876159011643317], [9.440775764882702, 28.527552666248447, -6.702411020792777], [15.404999773301284, 20.63721732936034, -7.255641431547531], [-16.578715356083194, -7.905455890444944, 9.169792825654554], [-14.55675893128234, 21.50993596143116, -12.288511172505082], [15.842079939673184, -10.737375840868772, 0.25934484758195353], [22.451023223139792, -0.8761996159482095, 7.45131074718082], [-9.431517833173963, -1.8855898327449303, -26.31515871039843], [1.1859893071227923, -3.050751322212207, -12.061028312482456], [-19.627373583982823, -9.56017674500831, -12.308968661472889], [-8.247738250790245, 18.525243657598736, 23.73597360845359], [24.901999345354618, -4.706662740614323, 23.906850718918356], [5.224655563308673, 29.79666599500637, -22.544229622902975], [15.409893526660817, 5.296114194170357, 0.8739612185505266], [15.49293567597121, 19.99690345304446, 19.865269664315832], [-9.352863643188392, -7.159376560596442, 5.717107651790599], [-27.427683290197905, 18.882316630068573, 5.161386072305213], [-3.3897167110437607, 8.28809247706463, 27.32109465234248], [18.252669006232466, 9.368981503681965, -17.54745953248193], [28.30416108720003, -6.773175192268479, 24.31417851997419], [0.06327742799255276, 10.344496947451844, 23.244178332951925], [-26.496854713011167, -12.31520130306161, -19.33838476318668], [-27.20606257603817, -9.491503153763254, 24.92404409095161], [-14.837023274839021, -23.21773088466519, 26.510696206308907], [-0.40134056925018413, -1.692538737828702, 11.27080536798023], [19.025089659327968, -16.385561567269413, -17.858828734253507], [-4.530073153442476, 20.8555769207017, 25.62728420126509], [-18.57579820366561, 11.367552361436118, -3.2478792053084007], [22.68661678454258, -12.263333929615907, -13.787769091718332], [-28.684086305474825, 22.281052829034564, -20.036413209830755], [-13.288128128378709, -15.220128233730003, 25.32313082204638], [-25.102310414144753, -9.800493317375356, 10.826101888009035], [-20.06609063980357, 4.659510285162888, -4.520575211048307], [-29.211595108598893, 6.396173278632219, -9.184987069123164], [-17.308386296432495, 28.50900172364406, 20.338932630488685], [-3.0774414655950153, -10.725057461839526, -29.154126953038816]]
最小値:78.12139620159857
入力値:[-17.308386296432495, 28.50900172364406, 20.338932630488685]
経過時間:221.72394347190857sec
num_evaluation of BBF = 150.0
 input_history 
[[13.684190531146399, -14.020587010398645, 0.7013971544105679], [7.561144290725743, 15.17435962850341, -20.51122955482401], [-24.521003306311215, 16.444028963539722, -26.912524107970476], [-5.6029604419305485, -27.83859029589552, -17.5326691685496], [-18.63613790195917, 20.394049302992258, 14.576503397137984], [-15.319426764345067, 5.170085697191951, -0.3240712597910935], [-24.53029855196634, -8.530945590697097, 15.042059189297852], [-22.273947884031564, -15.605959182121335, -8.614533492326466], [-29.758693055537034, 16.40721107852341, -6.2944902114783154], [8.320002116789063, 1.5620567523648283, 16.762073897608957], [9.530711027628833, -6.074572600390418, -22.580302649008267], [-4.559630018227939, -29.682740998955744, -25.31004549176646], [19.78850417183658, 1.0061499666608462, 17.33669374740174], [14.34665434598876, 1.6679614613795017, 13.637728557106257], [26.629374750670742, 26.905565473834585, -14.734112735142471], [24.50303278334036, -1.7384572521756638, -17.49700116042031], [-5.391137964324052, 5.035866991247509, 23.339961326520452], [24.202454053585924, 3.5865225144920885, 18.429689237533786], [1.7469215757751932, -24.29537615397373, -3.855680965787066], [11.949982240402193, 15.272859138270036, 10.671211461513593], [-29.87370907791234, 10.940248370173286, 28.8012748889009], [-17.21976829599828, 12.793019376507658, -18.138652968069668], [15.989357371088708, 26.147817369552882, -17.507930023652907], [19.7604372773625, -12.044781879048806, 22.842299975538182], [-28.093506751202742, 15.313842586080966, -17.078292023884504], [-7.986783381477434, -20.537463134278845, 18.44586135703456], [-17.936768415929677, -8.72526655972144, -8.064134396551498], [-13.948625750011537, -16.564642762524677, 14.85660768870764], [4.642962935955325, 16.43177875250666, -20.58266625062624], [2.703866482711959, -25.21769207600334, -24.095310267635647], [-4.081664257716721, 5.53499075165508, 12.998543673801436], [4.097316051160838, -25.37695259434239, -7.386224736816949], [14.275645719735849, 27.033071126058402, 24.319596361022924], [-0.5045817909748749, 26.13156511956371, -14.917003306029692], [7.015088845170084, 15.769122581750985, -29.899273865445398], [-25.07279457581741, -10.729265467414056, -17.019011764023624], [-19.51455056843657, 3.1104255567949224, 8.377722672165085], [-0.8983651874634297, 11.973520782828238, -10.909865070309337], [-8.041741054258285, -22.020232616041636, -16.983359383959606], [-0.7911284336734639, 19.58431069375321, -1.5868931616351638], [22.99059492147969, 26.218028358404602, 16.28747515395881], [16.74081209711602, -29.121371813969958, 11.571356919954418], [-27.940778083713127, 15.292476345325028, -4.504198979747162], [-24.98155029042954, 25.826332519504334, -18.887569243072384], [27.62309420325191, 17.04413926695564, 25.36162342090138], [7.560395749525632, -8.893223804465585, 11.947254492688202], [-2.370849437708884, 14.07807161878138, 27.22506105187702], [-26.595441112497465, -20.066620933811382, -4.178506949171862], [-28.35308910814543, -8.42383059396083, -4.609317380519606], [-19.52827702398349, -27.480705973345426, 8.105752537742752]]
最小値:75.30325861478299
入力値:[-24.98155029042954, 25.826332519504334, -18.887569243072384]
経過時間:216.11641335487366sec
num_evaluation of BBF = 200.0