
BO_ratio_matrix = 
[[85.79707627 76.31735731 79.24290346 78.75676287 78.85952363 79.43840276]
 [74.55393782 76.31735731 76.16319322 76.69087806 76.31735731 76.31735731]
 [74.55393782 76.31735731 75.72956886 76.69087806 76.31735731 76.31735731]
 [73.33035362 76.31735731 70.27839386 76.31735731 75.94001943 75.01327067]
 [71.69853461 76.31735731 70.27839386 73.71545625 74.4237984  75.01327067]
 [71.69853461 75.14501714 70.27839386 72.84702661 74.4237984  75.01327067]]
RS_ratio_matrix = 
[[81.25727099 79.51421853 83.51701234 82.13244579 77.33354644 82.0906092 ]
 [78.45433571 79.51421853 80.82429412 80.01377406 77.33354644 80.45936034]
 [78.45433571 76.69289083 80.82429412 76.96558169 77.33354644 78.28526739]
 [77.10870073 72.42707134 79.53964563 76.96558169 76.84818661 78.28526739]
 [74.21236301 72.42707134 78.72884025 76.96558169 76.02465114 78.1213962 ]
 [74.21236301 72.42707134 78.72884025 76.96558169 76.02465114 75.30325861]]
Mean Accumulated PREC(%) 6 times; BBF=[ 10.  30.  50. 100. 150. 200.]
BO_vec=array([79.73533772, 76.06001351, 75.98774278, 74.53279203, 73.57446852,
       73.23434022])
RS_vec=array([80.97418388, 79.43325487, 78.0926527 , 76.8624089 , 76.07998394,
       75.61029434])
Median Accumulated PREC(%) 6 times; BBF=[ 10.  30.  50. 100. 150. 200.]
BO_vec=array([79.05121355, 76.31735731, 76.31735731, 75.47664505, 74.06962733,
       73.63541251])
RS_vec=array([81.6739401 , 79.76399629, 77.80940692, 77.03714121, 76.49511642,
       75.66395488])
Min Accumulated PREC(%) 6 times; BBF=[ 10.  30.  50. 100. 150. 200.]
BO_vec=array([76.31735731, 74.55393782, 74.55393782, 70.27839386, 70.27839386,
       70.27839386])
RS_vec=array([77.33354644, 77.33354644, 76.69289083, 72.42707134, 72.42707134,
       72.42707134])
Max Accumulated PREC(%) 6 times; BBF=[ 10.  30.  50. 100. 150. 200.]
BO_vec=array([85.79707627, 76.69087806, 76.69087806, 76.31735731, 76.31735731,
       75.14501714])
RS_vec=array([83.51701234, 80.82429412, 80.82429412, 79.53964563, 78.72884025,
       78.72884025])