
BO_ratio_matrix = 
[[71.89312208 83.55103516 77.15755469 75.63915902 77.2378749  77.51720623
  77.10770711 76.80931524 79.18204865 69.25204663]
 [71.89312208 77.15755469 74.77899263 72.16197747 77.2378749  77.45944542
  77.10770711 76.80931524 76.29824909 69.25204663]
 [71.89312208 75.12453545 74.77899263 72.16197747 76.80931524 73.83580248
  72.38819354 76.80931524 71.62636564 69.25204663]
 [71.89312208 75.12453545 74.15000595 72.16197747 74.62786944 73.83580248
  68.43590835 74.90562755 71.62636564 69.25204663]
 [71.89312208 71.550622   74.15000595 72.16197747 72.57700345 73.83580248
  68.43590835 74.90562755 71.62636564 69.25204663]
 [71.89312208 71.550622   74.15000595 72.16197747 72.49844984 73.83580248
  68.43590835 74.48656527 71.62636564 69.25204663]]
RS_ratio_matrix = 
[[81.95477066 85.4217496  79.2225904  80.35519941 86.19265659 83.66695423
  83.35948889 83.79827555 79.72603958 84.86784933]
 [80.38870921 81.71964403 79.2225904  80.35519941 86.19265659 83.66695423
  82.73393662 83.00476768 79.72603958 82.43730076]
 [80.38870921 75.19804822 79.2225904  80.35519941 83.62522544 83.63007345
  82.73393662 82.87082669 79.72603958 82.43730076]
 [80.38870921 75.19804822 72.89110205 74.67410289 81.43853945 71.70865575
  81.94278883 79.6010403  70.50238159 78.60849454]
 [74.85715621 75.19804822 72.89110205 74.67410289 72.44730487 71.70865575
  75.48297644 78.27100634 70.50238159 77.26138586]
 [74.80743018 75.19804822 72.89110205 74.67410289 72.44730487 71.70865575
  75.48297644 78.27100634 70.50238159 71.6131339 ]]
Mean Accumulated PREC(%) 10 times; BBF=[ 10.  30.  50. 100. 150. 200.]
BO_vec=array([76.53470697, 75.01562853, 73.46796664, 72.6013261 , 72.03884816,
       71.98908657])
RS_vec=array([82.85655742, 81.94477985, 81.01879498, 76.69538628, 74.32941202,
       73.75961422])
Median Accumulated PREC(%) 10 times; BBF=[ 10.  30.  50. 100. 150. 200.]
BO_vec=array([77.1326309 , 76.55378216, 73.11199801, 72.99888998, 72.02754978,
       72.02754978])
RS_vec=array([83.51322156, 82.07847239, 81.41300499, 76.90327138, 74.76562955,
       73.78260247])
Min Accumulated PREC(%) 10 times; BBF=[ 10.  30.  50. 100. 150. 200.]
BO_vec=array([69.25204663, 69.25204663, 69.25204663, 68.43590835, 68.43590835,
       68.43590835])
RS_vec=array([79.2225904 , 79.2225904 , 75.19804822, 70.50238159, 70.50238159,
       70.50238159])
Max Accumulated PREC(%) 10 times; BBF=[ 10.  30.  50. 100. 150. 200.]
BO_vec=array([83.55103516, 77.45944542, 76.80931524, 75.12453545, 74.90562755,
       74.48656527])
RS_vec=array([86.19265659, 86.19265659, 83.63007345, 81.94278883, 78.27100634,
       78.27100634])