w=0.65w=0.4
position_history=[[2.9288102356394887, 12.91136198234517],
 [-4.580712039665716, 8.753646783999365],
 [27.81976563006176, -6.993508870453336],
 [4.082673665635937, 25.535798297559666],
 [-28.786896153580457, 19.957190732876278],
 [-4.439911303892666, 21.987257980518528],
 [-29.925761776663524, 18.55431822223685],
 [-23.443286976987174, 23.683439725812185],
 [-30.0, 18.115801063419916],
 [-28.425292377345652, 20.438206525597142]]
最小値:77.3647054254234
入力値:[-23.44328698  23.68343973]
経過時間:42.71497654914856sec
num_evaluation of BBF = 10.0w=0.7333333333333334w=0.5666666666666667w=0.4
position_history=[[2.9288102356394887, 12.91136198234517],
 [-4.580712039665716, 8.753646783999365],
 [27.81976563006176, -6.993508870453336],
 [4.082673665635937, 25.535798297559666],
 [-28.786896153580457, 19.957190732876278],
 [28.71710053396584, 17.949513853003417],
 [-22.903534447864008, 8.395261279651429],
 [1.3108993050043019, -5.120283600568584],
 [-2.630980067007087, 4.106036932118911],
 [6.725743363345288, 7.016039812485417],
 [-30.0, 22.42758981664174],
 [-19.94288427091904, 17.47794639901757],
 [-30.0, -1.450771573718292],
 [-30.0, 22.104225703790178],
 [-28.37893291885401, 20.499875216971613],
 [6.052060648843824, 19.841518645216603],
 [-30.0, 11.269608383265272],
 [-30.0, 25.617921804812614],
 [-18.130905390061628, 8.08907735072104],
 [-15.208270166028331, 18.00478944999865],
 [-30.0, 29.513480087280122],
 [-30.0, 30.0],
 [-30.0, 30.0],
 [-30.0, 20.300971513934385],
 [-30.0, 23.571223196397682],
 [8.598814883154308, 23.928958111298975],
 [-30.0, 30.0],
 [-30.0, 30.0],
 [-30.0, 30.0],
 [-30.0, 30.0]]
最小値:76.48264819539527
入力値:[-30.  30.]
経過時間:132.2519874572754sec
num_evaluation of BBF = 30.0w=0.8w=0.7w=0.6000000000000001w=0.5w=0.4
position_history=[[2.9288102356394887, 12.91136198234517],
 [-4.580712039665716, 8.753646783999365],
 [27.81976563006176, -6.993508870453336],
 [4.082673665635937, 25.535798297559666],
 [-28.786896153580457, 19.957190732876278],
 [28.71710053396584, 17.949513853003417],
 [-22.903534447864008, 8.395261279651429],
 [1.3108993050043019, -5.120283600568584],
 [-2.630980067007087, 4.106036932118911],
 [6.725743363345288, 7.016039812485417],
 [-30.0, 22.433574241041324],
 [-19.951205976084015, 17.530182799121846],
 [-30.0, -1.4469189177512387],
 [-30.0, 22.049176277083717],
 [-28.341845352060698, 20.549210170071188],
 [6.046924563810883, 19.87892253538813],
 [-30.0, 11.328897572205218],
 [-30.0, 25.654486296737176],
 [-18.19506675000345, 8.10476208366449],
 [-15.149103755559715, 18.02903215654578],
 [-30.0, 30.0],
 [-30.0, 30.0],
 [-30.0, 30.0],
 [-30.0, 19.753528738231385],
 [-30.0, 23.720554295202483],
 [5.578185493203357, 24.171865589974267],
 [-30.0, 30.0],
 [-30.0, 30.0],
 [-30.0, 30.0],
 [-30.0, 30.0],
 [-30.0, 30.0],
 [-30.0, 30.0],
 [-30.0, 30.0],
 [-30.0, 30.0],
 [-30.0, 30.0],
 [-30.0, 23.85262429718444],
 [-30.0, 30.0],
 [-30.0, 30.0],
 [-30.0, 30.0],
 [-30.0, 30.0],
 [-30.0, 30.0],
 [-30.0, 30.0],
 [-30.0, 30.0],
 [-30.0, 30.0],
 [-30.0, 30.0],
 [-30.0, 30.0],
 [-30.0, 30.0],
 [-30.0, 30.0],
 [-30.0, 30.0],
 [-30.0, 30.0]]
最小値:76.48264819539527
入力値:[-30.  30.]
経過時間:205.69821572303772sec
num_evaluation of BBF = 50.0w=0.85w=0.8w=0.75w=0.7w=0.65w=0.6000000000000001w=0.55w=0.5w=0.45w=0.4
position_history=[[2.9288102356394887, 12.91136198234517],
 [-4.580712039665716, 8.753646783999365],
 [27.81976563006176, -6.993508870453336],
 [4.082673665635937, 25.535798297559666],
 [-28.786896153580457, 19.957190732876278],
 [28.71710053396584, 17.949513853003417],
 [-22.903534447864008, 8.395261279651429],
 [1.3108993050043019, -5.120283600568584],
 [-2.630980067007087, 4.106036932118911],
 [6.725743363345288, 7.016039812485417],
 [-30.0, 22.438062559341013],
 [-19.957447254957746, 17.569360099200054],
 [-30.0, -1.4440294257759483],
 [-30.0, 22.00788920705387],
 [-28.31402967696571, 20.58621138489587],
 [6.043072500036175, 19.906975453016777],
 [-30.0, 11.373364463910175],
 [-30.0, 25.6819096656806],
 [-18.24318776995981, 8.116525633372078],
 [-15.104728947708253, 18.04721418645613],
 [-30.0, 30.0],
 [-30.0, 30.0],
 [-30.0, 30.0],
 [-30.0, 19.333313006780504],
 [-30.0, 23.841186236098512],
 [3.3118146358593847, 24.360591879760765],
 [-30.0, 30.0],
 [-30.0, 30.0],
 [-30.0, 30.0],
 [-30.0, 30.0],
 [-30.0, 30.0],
 [-30.0, 30.0],
 [-30.0, 30.0],
 [-30.0, 30.0],
 [-30.0, 30.0],
 [-30.0, 24.203453741555887],
 [-30.0, 30.0],
 [-30.0, 30.0],
 [-30.0, 30.0],
 [-30.0, 30.0],
 [-30.0, 30.0],
 [-30.0, 30.0],
 [-30.0, 30.0],
 [-30.0, 30.0],
 [-30.0, 30.0],
 [-30.0, 30.0],
 [-30.0, 30.0],
 [-30.0, 30.0],
 [-30.0, 30.0],
 [-30.0, 30.0],
 [-30.0, 30.0],
 [-30.0, 30.0],
 [-30.0, 30.0],
 [-30.0, 30.0],
 [-30.0, 30.0],
 [-30.0, 30.0],
 [-30.0, 30.0],
 [-30.0, 30.0],
 [-30.0, 30.0],
 [-30.0, 30.0],
 [-30.0, 30.0],
 [-30.0, 30.0],
 [-30.0, 30.0],
 [-30.0, 30.0],
 [-30.0, 30.0],
 [-30.0, 30.0],
 [-30.0, 30.0],
 [-30.0, 30.0],
 [-30.0, 30.0],
 [-30.0, 30.0],
 [-30.0, 30.0],
 [-30.0, 30.0],
 [-30.0, 30.0],
 [-30.0, 30.0],
 [-30.0, 30.0],
 [-30.0, 30.0],
 [-30.0, 30.0],
 [-30.0, 30.0],
 [-30.0, 30.0],
 [-30.0, 30.0],
 [-30.0, 30.0],
 [-30.0, 30.0],
 [-30.0, 30.0],
 [-30.0, 30.0],
 [-30.0, 30.0],
 [-30.0, 30.0],
 [-30.0, 30.0],
 [-30.0, 30.0],
 [-30.0, 30.0],
 [-30.0, 30.0],
 [-30.0, 30.0],
 [-30.0, 30.0],
 [-30.0, 30.0],
 [-30.0, 30.0],
 [-30.0, 30.0],
 [-30.0, 30.0],
 [-30.0, 30.0],
 [-30.0, 30.0],
 [-30.0, 30.0],
 [-30.0, 30.0]]
最小値:76.48264819539527
入力値:[-30.  30.]
経過時間:559.7054839134216sec
num_evaluation of BBF = 100.0w=0.8666666666666667w=0.8333333333333334w=0.8w=0.7666666666666667w=0.7333333333333334w=0.7w=0.6666666666666667w=0.6333333333333333w=0.6000000000000001w=0.5666666666666667w=0.5333333333333334w=0.5w=0.4666666666666667w=0.43333333333333335w=0.4
position_history=[[2.9288102356394887, 12.91136198234517],
 [-4.580712039665716, 8.753646783999365],
 [27.81976563006176, -6.993508870453336],
 [4.082673665635937, 25.535798297559666],
 [-28.786896153580457, 19.957190732876278],
 [28.71710053396584, 17.949513853003417],
 [-22.903534447864008, 8.395261279651429],
 [1.3108993050043019, -5.120283600568584],
 [-2.630980067007087, 4.106036932118911],
 [6.725743363345288, 7.016039812485417],
 [-30.0, 22.439558665440913],
 [-19.95952768124899, 17.582419199226123],
 [-30.0, -1.4430662617841845],
 [-30.0, 21.994126850377256],
 [-28.304757785267384, 20.598545123170766],
 [6.041788478777942, 19.916326425559657],
 [-30.0, 11.38818676114516],
 [-30.0, 25.69105078866174],
 [-18.25922810994527, 8.120446816607942],
 [-15.089937345091101, 18.053274863092913],
 [-30.0, 30.0],
 [-30.0, 30.0],
 [-30.0, 30.0],
 [-30.0, 19.19140611540666],
 [-30.0, 23.883041381500508],
 [2.5561864805769616, 24.424747439361987],
 [-30.0, 30.0],
 [-30.0, 30.0],
 [-30.0, 30.0],
 [-30.0, 30.0],
 [-30.0, 30.0],
 [-30.0, 30.0],
 [-30.0, 30.0],
 [-30.0, 30.0],
 [-30.0, 30.0],
 [-29.920249114271343, 24.329373376268236],
 [-30.0, 30.0],
 [-30.0, 30.0],
 [-30.0, 30.0],
 [-30.0, 30.0],
 [-30.0, 30.0],
 [-30.0, 30.0],
 [-30.0, 30.0],
 [-30.0, 30.0],
 [-30.0, 30.0],
 [-30.0, 30.0],
 [-30.0, 30.0],
 [-30.0, 30.0],
 [-30.0, 30.0],
 [-30.0, 30.0],
 [-30.0, 30.0],
 [-30.0, 30.0],
 [-30.0, 30.0],
 [-30.0, 30.0],
 [-30.0, 30.0],
 [-30.0, 30.0],
 [-30.0, 30.0],
 [-30.0, 30.0],
 [-30.0, 30.0],
 [-30.0, 30.0],
 [-30.0, 30.0],
 [-30.0, 30.0],
 [-30.0, 30.0],
 [-30.0, 30.0],
 [-30.0, 30.0],
 [-30.0, 30.0],
 [-30.0, 30.0],
 [-30.0, 30.0],
 [-30.0, 30.0],
 [-30.0, 30.0],
 [-30.0, 30.0],
 [-30.0, 30.0],
 [-30.0, 30.0],
 [-30.0, 30.0],
 [-30.0, 30.0],
 [-30.0, 30.0],
 [-30.0, 30.0],
 [-30.0, 30.0],
 [-30.0, 30.0],
 [-30.0, 30.0],
 [-30.0, 30.0],
 [-30.0, 30.0],
 [-30.0, 30.0],
 [-30.0, 30.0],
 [-30.0, 30.0],
 [-30.0, 30.0],
 [-30.0, 30.0],
 [-30.0, 30.0],
 [-30.0, 30.0],
 [-30.0, 30.0],
 [-30.0, 30.0],
 [-30.0, 30.0],
 [-30.0, 30.0],
 [-30.0, 30.0],
 [-30.0, 30.0],
 [-30.0, 30.0],
 [-30.0, 30.0],
 [-30.0, 30.0],
 [-30.0, 30.0],
 [-30.0, 30.0],
 [-30.0, 30.0],
 [-30.0, 30.0],
 [-30.0, 30.0],
 [-30.0, 30.0],
 [-30.0, 30.0],
 [-30.0, 30.0],
 [-30.0, 30.0],
 [-30.0, 30.0],
 [-30.0, 30.0],
 [-30.0, 30.0],
 [-30.0, 30.0],
 [-30.0, 30.0],
 [-30.0, 30.0],
 [-30.0, 30.0],
 [-30.0, 30.0],
 [-30.0, 30.0],
 [-30.0, 30.0],
 [-30.0, 30.0],
 [-30.0, 30.0],
 [-30.0, 30.0],
 [-30.0, 30.0],
 [-30.0, 30.0],
 [-30.0, 30.0],
 [-30.0, 30.0],
 [-30.0, 30.0],
 [-30.0, 30.0],
 [-30.0, 30.0],
 [-30.0, 30.0],
 [-30.0, 30.0],
 [-30.0, 30.0],
 [-30.0, 30.0],
 [-30.0, 30.0],
 [-30.0, 30.0],
 [-30.0, 30.0],
 [-30.0, 30.0],
 [-30.0, 30.0],
 [-30.0, 30.0],
 [-30.0, 30.0],
 [-30.0, 30.0],
 [-30.0, 30.0],
 [-30.0, 30.0],
 [-30.0, 30.0],
 [-30.0, 30.0],
 [-30.0, 30.0],
 [-30.0, 30.0],
 [-30.0, 30.0],
 [-30.0, 30.0],
 [-30.0, 30.0],
 [-30.0, 30.0],
 [-30.0, 30.0]]
最小値:76.48264819539527
入力値:[-30.  30.]
経過時間:830.6533405780792sec
num_evaluation of BBF = 150.0w=0.875w=0.85w=0.8250000000000001w=0.8w=0.775w=0.75w=0.7250000000000001w=0.7w=0.675w=0.65w=0.625w=0.6000000000000001w=0.575w=0.55w=0.525w=0.5w=0.47500000000000003w=0.45w=0.42500000000000004w=0.4
position_history=[[2.9288102356394887, 12.91136198234517],
 [-4.580712039665716, 8.753646783999365],
 [27.81976563006176, -6.993508870453336],
 [4.082673665635937, 25.535798297559666],
 [-28.786896153580457, 19.957190732876278],
 [28.71710053396584, 17.949513853003417],
 [-22.903534447864008, 8.395261279651429],
 [1.3108993050043019, -5.120283600568584],
 [-2.630980067007087, 4.106036932118911],
 [6.725743363345288, 7.016039812485417],
 [-30.0, 22.44030671849086],
 [-19.960567894394615, 17.588948749239158],
 [-30.0, -1.442584679788303],
 [-30.0, 21.98724567203895],
 [-28.300121839418217, 20.60471199230821],
 [6.041146468148824, 19.921001911831098],
 [-30.0, 11.395597909762653],
 [-30.0, 25.695621350152308],
 [-18.267248279937995, 8.122407408225872],
 [-15.082541543782522, 18.056305201411305],
 [-30.0, 30.0],
 [-30.0, 30.0],
 [-30.0, 30.0],
 [-30.0, 19.120108610802824],
 [-30.0, 23.904277297658375],
 [2.178340302404301, 24.45705899347616],
 [-30.0, 30.0],
 [-30.0, 30.0],
 [-30.0, 30.0],
 [-30.0, 30.0],
 [-30.0, 30.0],
 [-30.0, 30.0],
 [-30.0, 30.0],
 [-30.0, 30.0],
 [-30.0, 30.0],
 [-29.757814352946518, 24.39406888408033],
 [-30.0, 30.0],
 [-30.0, 30.0],
 [-30.0, 30.0],
 [-30.0, 30.0],
 [-30.0, 30.0],
 [-30.0, 30.0],
 [-30.0, 30.0],
 [-30.0, 30.0],
 [-30.0, 30.0],
 [-30.0, 30.0],
 [-30.0, 30.0],
 [-30.0, 30.0],
 [-30.0, 30.0],
 [-30.0, 30.0],
 [-30.0, 30.0],
 [-30.0, 30.0],
 [-30.0, 30.0],
 [-30.0, 30.0],
 [-30.0, 30.0],
 [-30.0, 30.0],
 [-30.0, 30.0],
 [-30.0, 30.0],
 [-30.0, 30.0],
 [-30.0, 30.0],
 [-30.0, 30.0],
 [-30.0, 30.0],
 [-30.0, 30.0],
 [-30.0, 30.0],
 [-30.0, 30.0],
 [-30.0, 30.0],
 [-30.0, 30.0],
 [-30.0, 30.0],
 [-30.0, 30.0],
 [-30.0, 30.0],
 [-30.0, 30.0],
 [-30.0, 30.0],
 [-30.0, 30.0],
 [-30.0, 30.0],
 [-30.0, 30.0],
 [-30.0, 30.0],
 [-30.0, 30.0],
 [-30.0, 30.0],
 [-30.0, 30.0],
 [-30.0, 30.0],
 [-30.0, 30.0],
 [-30.0, 30.0],
 [-30.0, 30.0],
 [-30.0, 30.0],
 [-30.0, 30.0],
 [-30.0, 30.0],
 [-30.0, 30.0],
 [-30.0, 30.0],
 [-30.0, 30.0],
 [-30.0, 30.0],
 [-30.0, 30.0],
 [-30.0, 30.0],
 [-30.0, 30.0],
 [-30.0, 30.0],
 [-30.0, 30.0],
 [-30.0, 30.0],
 [-30.0, 30.0],
 [-30.0, 30.0],
 [-30.0, 30.0],
 [-30.0, 30.0],
 [-30.0, 30.0],
 [-30.0, 30.0],
 [-30.0, 30.0],
 [-30.0, 30.0],
 [-30.0, 30.0],
 [-30.0, 30.0],
 [-30.0, 30.0],
 [-30.0, 30.0],
 [-30.0, 30.0],
 [-30.0, 30.0],
 [-30.0, 30.0],
 [-30.0, 30.0],
 [-30.0, 30.0],
 [-30.0, 30.0],
 [-30.0, 30.0],
 [-30.0, 30.0],
 [-30.0, 30.0],
 [-30.0, 30.0],
 [-30.0, 30.0],
 [-30.0, 30.0],
 [-30.0, 30.0],
 [-30.0, 30.0],
 [-30.0, 30.0],
 [-30.0, 30.0],
 [-30.0, 30.0],
 [-30.0, 30.0],
 [-30.0, 30.0],
 [-30.0, 30.0],
 [-30.0, 30.0],
 [-30.0, 30.0],
 [-30.0, 30.0],
 [-30.0, 30.0],
 [-30.0, 30.0],
 [-30.0, 30.0],
 [-30.0, 30.0],
 [-30.0, 30.0],
 [-30.0, 30.0],
 [-30.0, 30.0],
 [-30.0, 30.0],
 [-30.0, 30.0],
 [-30.0, 30.0],
 [-30.0, 30.0],
 [-30.0, 30.0],
 [-30.0, 30.0],
 [-30.0, 30.0],
 [-30.0, 30.0],
 [-30.0, 30.0],
 [-30.0, 30.0],
 [-30.0, 30.0],
 [-30.0, 30.0],
 [-30.0, 30.0],
 [-30.0, 30.0],
 [-30.0, 30.0],
 [-30.0, 30.0],
 [-30.0, 30.0],
 [-30.0, 30.0],
 [-30.0, 30.0],
 [-30.0, 30.0],
 [-30.0, 30.0],
 [-30.0, 30.0],
 [-30.0, 30.0],
 [-30.0, 30.0],
 [-30.0, 30.0],
 [-30.0, 30.0],
 [-30.0, 30.0],
 [-30.0, 30.0],
 [-30.0, 30.0],
 [-30.0, 30.0],
 [-30.0, 30.0],
 [-30.0, 30.0],
 [-30.0, 30.0],
 [-30.0, 30.0],
 [-30.0, 30.0],
 [-30.0, 30.0],
 [-30.0, 30.0],
 [-30.0, 30.0],
 [-30.0, 30.0],
 [-30.0, 30.0],
 [-30.0, 30.0],
 [-30.0, 30.0],
 [-30.0, 30.0],
 [-30.0, 30.0],
 [-30.0, 30.0],
 [-30.0, 30.0],
 [-30.0, 30.0],
 [-30.0, 30.0],
 [-30.0, 30.0],
 [-30.0, 30.0],
 [-30.0, 30.0],
 [-30.0, 30.0],
 [-30.0, 30.0],
 [-30.0, 30.0],
 [-30.0, 30.0],
 [-30.0, 30.0],
 [-30.0, 30.0],
 [-30.0, 30.0],
 [-30.0, 30.0],
 [-30.0, 30.0],
 [-30.0, 30.0],
 [-30.0, 30.0]]
最小値:76.48264819539527
入力値:[-30.  30.]
経過時間:1114.4928331375122sec
num_evaluation of BBF = 200.0w=0.65w=0.4
position_history=[[-4.978679717845559, 13.219469606529486],
 [-21.194646550973218, -24.45968431387213],
 [-6.193951546159802, 2.3290040402014185],
 [-17.732865016108953, 22.687046183456722],
 [-4.961711857972382, 3.521389706745097],
 [-27.98379031412631, 29.90201613685498],
 [-20.426676655168496, 30.0],
 [-28.4050074817893, 24.278192072320014],
 [-18.34726114495165, 22.908653946688645],
 [-30.0, 30.0]]
最小値:76.48264819539527
入力値:[-30.  30.]
経過時間:41.137534618377686sec
num_evaluation of BBF = 10.0w=0.7333333333333334w=0.5666666666666667w=0.4
position_history=[[-4.978679717845559, 13.219469606529486],
 [-21.194646550973218, -24.45968431387213],
 [-6.193951546159802, 2.3290040402014185],
 [-17.732865016108953, 22.687046183456722],
 [-4.961711857972382, 3.521389706745097],
 [18.0446741205322, 28.09569454316385],
 [22.583349137762298, 23.67639981023084],
 [-19.810174826125866, 22.68855020576479],
 [27.473371809030112, 1.9899170983810244],
 [11.19005566089502, 20.077540313842377],
 [-8.773837324654004, 21.411837178193558],
 [-20.85796460219029, -12.42496002257017],
 [-12.075617617919029, 13.413478248649943],
 [-20.81127014740262, 22.937506564484824],
 [-8.528162301666928, 18.951160372305203],
 [13.989068296297994, 22.582429279455045],
 [-30.0, 21.841490496124145],
 [-20.39926613650406, 22.572841389105534],
 [-30.0, 16.11589590014883],
 [-30.0, 23.701247246306888],
 [-22.383493317614047, 16.565057195384657],
 [-30.0, 29.882173032353414],
 [-30.0, 22.820780906830944],
 [-30.0, 15.252597905345151],
 [-24.576483518103966, 24.705998858602943],
 [-30.0, 15.335733553019022],
 [-30.0, 9.381175905488295],
 [-30.0, 13.508639290754656],
 [-30.0, 24.12061722115058],
 [-30.0, 25.357042085509367]]
最小値:75.8870250286426
入力値:[-24.57648352  24.70599886]
経過時間:125.58918976783752sec
num_evaluation of BBF = 30.0w=0.8w=0.7w=0.6000000000000001w=0.5w=0.4
position_history=[[-4.978679717845559, 13.219469606529486],
 [-21.194646550973218, -24.45968431387213],
 [-6.193951546159802, 2.3290040402014185],
 [-17.732865016108953, 22.687046183456722],
 [-4.961711857972382, 3.521389706745097],
 [18.0446741205322, 28.09569454316385],
 [22.583349137762298, 23.67639981023084],
 [-19.810174826125866, 22.68855020576479],
 [27.473371809030112, 1.9899170983810244],
 [11.19005566089502, 20.077540313842377],
 [-8.840488741345023, 21.38548152121114],
 [-20.899796574006597, -12.445551925631097],
 [-12.086391682665255, 13.438174182036176],
 [-20.87428513497623, 22.960235565841945],
 [-8.576110709854229, 18.910907237516522],
 [13.964191520052559, 22.608072294877623],
 [-30.0, 21.780031133888528],
 [-20.452819891992988, 22.562322405772875],
 [-30.0, 16.091297984282967],
 [-30.0, 23.734599821632884],
 [-22.966839587448792, 17.61571772681938],
 [-30.0, 30.0],
 [-30.0, 24.28367178712619],
 [-30.0, 15.270330961966145],
 [-25.102198331683383, 26.711373704821973],
 [-30.0, 14.563265310653799],
 [-30.0, 9.105565940004018],
 [-30.0, 13.455708265100847],
 [-30.0, 25.96226460441433],
 [-30.0, 25.893864508763784],
 [-30.0, 28.69993144691508],
 [-30.0, 30.0],
 [-30.0, 30.0],
 [-30.0, 22.082506039528464],
 [-30.0, 30.0],
 [-30.0, 13.05509782346567],
 [-30.0, 20.09909505362672],
 [-30.0, 14.71842494462311],
 [-30.0, 30.0],
 [-30.0, 30.0],
 [-30.0, 30.0],
 [-30.0, 30.0],
 [-30.0, 30.0],
 [-30.0, 19.52889430458106],
 [-30.0, 30.0],
 [-30.0, 30.0],
 [-30.0, 30.0],
 [-30.0, 30.0],
 [-30.0, 30.0],
 [-30.0, 30.0]]
最小値:76.48264819539527
入力値:[-30.  30.]
経過時間:212.37246584892273sec
num_evaluation of BBF = 50.0w=0.85w=0.8w=0.75w=0.7w=0.65w=0.6000000000000001w=0.55w=0.5w=0.45w=0.4
position_history=[[-4.978679717845559, 13.219469606529486],
 [-21.194646550973218, -24.45968431387213],
 [-6.193951546159802, 2.3290040402014185],
 [-17.732865016108953, 22.687046183456722],
 [-4.961711857972382, 3.521389706745097],
 [18.0446741205322, 28.09569454316385],
 [22.583349137762298, 23.67639981023084],
 [-19.810174826125866, 22.68855020576479],
 [27.473371809030112, 1.9899170983810244],
 [11.19005566089502, 20.077540313842377],
 [-8.890477303863289, 21.36571477847432],
 [-20.93117055286883, -12.460995852926793],
 [-12.094472231224927, 13.456696132075853],
 [-20.921546375656437, 22.977282316859785],
 [-8.612072015994706, 18.88071738642501],
 [13.945533937868483, 22.627304556444553],
 [-30.0, 21.733936612211817],
 [-20.49298520860968, 22.55443316827338],
 [-30.0, 16.072849547383576],
 [-30.0, 23.75961425312738],
 [-23.416013287745777, 18.399100885423515],
 [-30.0, 30.0],
 [-30.0, 25.385161735690225],
 [-30.0, 15.287608329669395],
 [-25.504875413300717, 28.208360540898234],
 [-30.0, 13.988401656578842],
 [-30.0, 8.888103077499586],
 [-30.0, 13.414169173777285],
 [-30.0, 27.339195506585618],
 [-30.0, 26.30231802688665],
 [-30.0, 28.675990100090182],
 [-30.0, 30.0],
 [-30.0, 30.0],
 [-30.0, 20.93306825723417],
 [-30.0, 30.0],
 [-30.0, 10.951530120724794],
 [-30.0, 18.10176455238598],
 [-30.0, 13.30254557431078],
 [-30.0, 22.122321057119787],
 [-30.0, 30.0],
 [-30.0, 30.0],
 [-30.0, 30.0],
 [-30.0, 30.0],
 [-30.0, 21.273393975200424],
 [-30.0, 30.0],
 [-30.0, 30.0],
 [-30.0, 30.0],
 [-30.0, 30.0],
 [-30.0, 10.887090523237749],
 [-30.0, 30.0],
 [-30.0, 30.0],
 [-30.0, 30.0],
 [-30.0, 30.0],
 [-30.0, 30.0],
 [-30.0, 30.0],
 [-30.0, 30.0],
 [-30.0, 30.0],
 [-30.0, 30.0],
 [-30.0, 30.0],
 [-30.0, 30.0],
 [-30.0, 30.0],
 [-30.0, 30.0],
 [-30.0, 30.0],
 [-30.0, 30.0],
 [-30.0, 30.0],
 [-30.0, 30.0],
 [-30.0, 30.0],
 [-30.0, 30.0],
 [-30.0, 30.0],
 [-30.0, 30.0],
 [-30.0, 30.0],
 [-30.0, 30.0],
 [-30.0, 30.0],
 [-30.0, 30.0],
 [-30.0, 30.0],
 [-30.0, 30.0],
 [-30.0, 30.0],
 [-30.0, 30.0],
 [-30.0, 30.0],
 [-30.0, 30.0],
 [-30.0, 30.0],
 [-30.0, 30.0],
 [-30.0, 30.0],
 [-30.0, 30.0],
 [-30.0, 30.0],
 [-30.0, 30.0],
 [-30.0, 30.0],
 [-30.0, 30.0],
 [-30.0, 30.0],
 [-30.0, 30.0],
 [-30.0, 30.0],
 [-30.0, 30.0],
 [-30.0, 30.0],
 [-30.0, 30.0],
 [-30.0, 30.0],
 [-30.0, 30.0],
 [-30.0, 30.0],
 [-30.0, 30.0],
 [-30.0, 30.0],
 [-30.0, 30.0]]
最小値:76.48264819539527
入力値:[-30.  30.]
経過時間:433.89743852615356sec
num_evaluation of BBF = 100.0w=0.8666666666666667w=0.8333333333333334w=0.8w=0.7666666666666667w=0.7333333333333334w=0.7w=0.6666666666666667w=0.6333333333333333w=0.6000000000000001w=0.5666666666666667w=0.5333333333333334w=0.5w=0.4666666666666667w=0.43333333333333335w=0.4
position_history=[[-4.978679717845559, 13.219469606529486],
 [-21.194646550973218, -24.45968431387213],
 [-6.193951546159802, 2.3290040402014185],
 [-17.732865016108953, 22.687046183456722],
 [-4.961711857972382, 3.521389706745097],
 [18.0446741205322, 28.09569454316385],
 [22.583349137762298, 23.67639981023084],
 [-19.810174826125866, 22.68855020576479],
 [27.473371809030112, 1.9899170983810244],
 [11.19005566089502, 20.077540313842377],
 [-8.907140158036045, 21.359125864228716],
 [-20.94162854582291, -12.466143828692024],
 [-12.097165747411482, 13.462870115422412],
 [-20.93730012254984, 22.982964567199065],
 [-8.624059118041531, 18.87065410272784],
 [13.939314743807126, 22.633715310300197],
 [-30.0, 21.718571771652915],
 [-20.50637364748191, 22.551803422440216],
 [-30.0, 16.066700068417113],
 [-30.0, 23.76795239695888],
 [-23.567959568401143, 18.659350083058808],
 [-30.0, 30.0],
 [-30.0, 25.753148249657777],
 [-30.0, 15.294125085615715],
 [-25.64069938744607, 28.706014381764035],
 [-30.0, 13.79763520573461],
 [-30.0, 8.813566811256921],
 [-30.0, 13.399972177225008],
 [-30.0, 27.797352543447186],
 [-30.0, 26.43958095210514],
 [-30.0, 28.72091838826588],
 [-30.0, 30.0],
 [-30.0, 30.0],
 [-30.0, 20.550713731989504],
 [-30.0, 30.0],
 [-30.0, 10.212089308119696],
 [-30.0, 17.423848369552957],
 [-30.0, 12.827853884161575],
 [-30.0, 22.29180685628198],
 [-30.0, 30.0],
 [-30.0, 30.0],
 [-30.0, 30.0],
 [-30.0, 30.0],
 [-30.0, 29.587366504243942],
 [-30.0, 30.0],
 [-30.0, 30.0],
 [-30.0, 30.0],
 [-30.0, 30.0],
 [-30.0, 10.080653638783764],
 [-30.0, 30.0],
 [-30.0, 30.0],
 [-30.0, 30.0],
 [-30.0, 30.0],
 [-30.0, 30.0],
 [-30.0, 30.0],
 [-30.0, 30.0],
 [-30.0, 30.0],
 [-30.0, 30.0],
 [-30.0, 30.0],
 [-30.0, 30.0],
 [-30.0, 30.0],
 [-30.0, 30.0],
 [-30.0, 30.0],
 [-30.0, 30.0],
 [-30.0, 30.0],
 [-30.0, 30.0],
 [-30.0, 30.0],
 [-30.0, 30.0],
 [-30.0, 30.0],
 [-30.0, 30.0],
 [-30.0, 30.0],
 [-30.0, 30.0],
 [-30.0, 30.0],
 [-30.0, 30.0],
 [-30.0, 30.0],
 [-30.0, 30.0],
 [-30.0, 30.0],
 [-30.0, 30.0],
 [-30.0, 30.0],
 [-30.0, 30.0],
 [-30.0, 30.0],
 [-30.0, 30.0],
 [-30.0, 30.0],
 [-30.0, 30.0],
 [-30.0, 30.0],
 [-30.0, 30.0],
 [-30.0, 30.0],
 [-30.0, 30.0],
 [-30.0, 30.0],
 [-30.0, 30.0],
 [-30.0, 30.0],
 [-30.0, 30.0],
 [-30.0, 30.0],
 [-30.0, 30.0],
 [-30.0, 30.0],
 [-30.0, 30.0],
 [-30.0, 30.0],
 [-30.0, 30.0],
 [-30.0, 30.0],
 [-30.0, 30.0],
 [-30.0, 30.0],
 [-30.0, 30.0],
 [-30.0, 30.0],
 [-30.0, 30.0],
 [-30.0, 30.0],
 [-30.0, 30.0],
 [-30.0, 30.0],
 [-30.0, 30.0],
 [-30.0, 30.0],
 [-30.0, 30.0],
 [-30.0, 30.0],
 [-30.0, 30.0],
 [-30.0, 30.0],
 [-30.0, 30.0],
 [-30.0, 30.0],
 [-30.0, 30.0],
 [-30.0, 30.0],
 [-30.0, 30.0],
 [-30.0, 30.0],
 [-30.0, 30.0],
 [-30.0, 30.0],
 [-30.0, 30.0],
 [-30.0, 30.0],
 [-30.0, 30.0],
 [-30.0, 30.0],
 [-30.0, 30.0],
 [-30.0, 30.0],
 [-30.0, 30.0],
 [-30.0, 30.0],
 [-30.0, 30.0],
 [-30.0, 30.0],
 [-30.0, 30.0],
 [-30.0, 30.0],
 [-30.0, 30.0],
 [-30.0, 30.0],
 [-30.0, 30.0],
 [-30.0, 30.0],
 [-30.0, 30.0],
 [-30.0, 30.0],
 [-30.0, 30.0],
 [-30.0, 30.0],
 [-30.0, 30.0],
 [-30.0, 30.0],
 [-30.0, 30.0],
 [-30.0, 30.0],
 [-30.0, 30.0],
 [-30.0, 30.0],
 [-30.0, 30.0],
 [-30.0, 30.0],
 [-30.0, 30.0]]
最小値:76.48264819539527
入力値:[-30.  30.]
経過時間:650.8259854316711sec
num_evaluation of BBF = 150.0w=0.875w=0.85w=0.8250000000000001w=0.8w=0.775w=0.75w=0.7250000000000001w=0.7w=0.675w=0.65w=0.625w=0.6000000000000001w=0.575w=0.55w=0.525w=0.5w=0.47500000000000003w=0.45w=0.42500000000000004w=0.4
position_history=[[-4.978679717845559, 13.219469606529486],
 [-21.194646550973218, -24.45968431387213],
 [-6.193951546159802, 2.3290040402014185],
 [-17.732865016108953, 22.687046183456722],
 [-4.961711857972382, 3.521389706745097],
 [18.0446741205322, 28.09569454316385],
 [22.583349137762298, 23.67639981023084],
 [-19.810174826125866, 22.68855020576479],
 [27.473371809030112, 1.9899170983810244],
 [11.19005566089502, 20.077540313842377],
 [-8.915471585122422, 21.355831407105914],
 [-20.94685754229995, -12.46871781657464],
 [-12.098512505504761, 13.46595710709569],
 [-20.94517699599654, 22.985805692368704],
 [-8.630052669064945, 18.865622460879255],
 [13.936205146776446, 22.636920687228017],
 [-30.0, 21.710889351373464],
 [-20.51306786691803, 22.55048854952363],
 [-30.0, 16.063625328933878],
 [-30.0, 23.772121468874627],
 [-23.64434928008314, 18.789309959020308],
 [-30.0, 30.0],
 [-30.0, 25.937295856225212],
 [-30.0, 15.297525519847353],
 [-25.708911052069922, 28.9545897201045],
 [-30.0, 13.702412249158881],
 [-30.0, 8.77591455712161],
 [-30.0, 13.392807935303036],
 [-30.0, 28.026277324903802],
 [-30.0, 26.508420868310168],
 [-30.0, 28.753265857920596],
 [-30.0, 30.0],
 [-30.0, 30.0],
 [-30.0, 20.359716819935347],
 [-30.0, 30.0],
 [-30.0, 9.83523279136543],
 [-30.0, 17.082527722954655],
 [-30.0, 12.5899810155082],
 [-30.0, 22.394088140025765],
 [-30.0, 30.0],
 [-30.0, 30.0],
 [-30.0, 30.0],
 [-30.0, 30.0],
 [-30.0, 29.51726897161964],
 [-30.0, 30.0],
 [-30.0, 30.0],
 [-30.0, 30.0],
 [-30.0, 30.0],
 [-30.0, 9.653782482787896],
 [-30.0, 30.0],
 [-30.0, 30.0],
 [-30.0, 30.0],
 [-30.0, 30.0],
 [-30.0, 30.0],
 [-30.0, 30.0],
 [-30.0, 30.0],
 [-30.0, 30.0],
 [-30.0, 30.0],
 [-30.0, 30.0],
 [-30.0, 30.0],
 [-30.0, 30.0],
 [-30.0, 30.0],
 [-30.0, 30.0],
 [-30.0, 30.0],
 [-30.0, 30.0],
 [-30.0, 30.0],
 [-30.0, 30.0],
 [-30.0, 30.0],
 [-30.0, 30.0],
 [-30.0, 30.0],
 [-30.0, 30.0],
 [-30.0, 30.0],
 [-30.0, 30.0],
 [-30.0, 30.0],
 [-30.0, 30.0],
 [-30.0, 30.0],
 [-30.0, 30.0],
 [-30.0, 30.0],
 [-30.0, 30.0],
 [-30.0, 30.0],
 [-30.0, 30.0],
 [-30.0, 30.0],
 [-30.0, 30.0],
 [-30.0, 30.0],
 [-30.0, 30.0],
 [-30.0, 30.0],
 [-30.0, 30.0],
 [-30.0, 30.0],
 [-30.0, 30.0],
 [-30.0, 30.0],
 [-30.0, 30.0],
 [-30.0, 30.0],
 [-30.0, 30.0],
 [-30.0, 30.0],
 [-30.0, 30.0],
 [-30.0, 30.0],
 [-30.0, 30.0],
 [-30.0, 30.0],
 [-30.0, 30.0],
 [-30.0, 30.0],
 [-30.0, 30.0],
 [-30.0, 30.0],
 [-30.0, 30.0],
 [-30.0, 30.0],
 [-30.0, 30.0],
 [-30.0, 30.0],
 [-30.0, 30.0],
 [-30.0, 30.0],
 [-30.0, 30.0],
 [-30.0, 30.0],
 [-30.0, 30.0],
 [-30.0, 30.0],
 [-30.0, 30.0],
 [-30.0, 30.0],
 [-30.0, 30.0],
 [-30.0, 30.0],
 [-30.0, 30.0],
 [-30.0, 30.0],
 [-30.0, 30.0],
 [-30.0, 30.0],
 [-30.0, 30.0],
 [-30.0, 30.0],
 [-30.0, 30.0],
 [-30.0, 30.0],
 [-30.0, 30.0],
 [-30.0, 30.0],
 [-30.0, 30.0],
 [-30.0, 30.0],
 [-30.0, 30.0],
 [-30.0, 30.0],
 [-30.0, 30.0],
 [-30.0, 30.0],
 [-30.0, 30.0],
 [-30.0, 30.0],
 [-30.0, 30.0],
 [-30.0, 30.0],
 [-30.0, 30.0],
 [-30.0, 30.0],
 [-30.0, 30.0],
 [-30.0, 30.0],
 [-30.0, 30.0],
 [-30.0, 30.0],
 [-30.0, 30.0],
 [-30.0, 30.0],
 [-30.0, 30.0],
 [-30.0, 30.0],
 [-30.0, 30.0],
 [-30.0, 30.0],
 [-30.0, 30.0],
 [-30.0, 30.0],
 [-30.0, 30.0],
 [-30.0, 30.0],
 [-30.0, 30.0],
 [-30.0, 30.0],
 [-30.0, 30.0],
 [-30.0, 30.0],
 [-30.0, 30.0],
 [-30.0, 30.0],
 [-30.0, 30.0],
 [-30.0, 30.0],
 [-30.0, 30.0],
 [-30.0, 30.0],
 [-30.0, 30.0],
 [-30.0, 30.0],
 [-30.0, 30.0],
 [-30.0, 30.0],
 [-30.0, 30.0],
 [-30.0, 30.0],
 [-30.0, 30.0],
 [-30.0, 30.0],
 [-30.0, 30.0],
 [-30.0, 30.0],
 [-30.0, 30.0],
 [-30.0, 30.0],
 [-30.0, 30.0],
 [-30.0, 30.0],
 [-30.0, 30.0],
 [-30.0, 30.0],
 [-30.0, 30.0],
 [-30.0, 30.0],
 [-30.0, 30.0],
 [-30.0, 30.0],
 [-30.0, 30.0],
 [-30.0, 30.0],
 [-30.0, 30.0],
 [-30.0, 30.0],
 [-30.0, 30.0],
 [-30.0, 30.0],
 [-30.0, 30.0],
 [-30.0, 30.0],
 [-30.0, 30.0],
 [-30.0, 30.0],
 [-30.0, 30.0],
 [-30.0, 30.0],
 [-30.0, 30.0],
 [-30.0, 30.0],
 [-30.0, 30.0],
 [-30.0, 30.0],
 [-30.0, 30.0],
 [-30.0, 30.0]]
最小値:76.48264819539527
入力値:[-30.  30.]
経過時間:860.8575510978699sec
num_evaluation of BBF = 200.0w=0.65w=0.4
position_history=[[-3.8403058714797744, -28.44442609032652],
 [-4.7779318747506565, -10.179910739767553],
 [-12.02071957952861, -13.990363493828003],
 [-21.925203279303986, 0.8146872759447845],
 [21.238517558369324, -0.3457897570843329],
 [-8.375094735436319, 6.391970312467908],
 [-12.717189299994686, -2.3324597256291044],
 [-24.54904153916383, 0.3512681101110964],
 [-22.335431453962997, 1.18562296810646],
 [-30.0, 0.2682458019485754]]
最小値:82.06934879137859
入力値:[-21.92520328   0.81468728]
経過時間:43.04162788391113sec
num_evaluation of BBF = 10.0w=0.7333333333333334w=0.5666666666666667w=0.4
position_history=[[-3.8403058714797744, -28.44442609032652],
 [-4.7779318747506565, -10.179910739767553],
 [-12.02071957952861, -13.990363493828003],
 [-21.925203279303986, 0.8146872759447845],
 [21.238517558369324, -0.3457897570843329],
 [0.31476540730223945, -26.082809736787315],
 [-22.370401697923352, 5.804718538715747],
 [-16.781627575766418, -9.010422899802045],
 [8.42440351289489, -1.0158098668949016],
 [17.618247266494627, 4.800250732668395],
 [-24.7859376352834, 0.7468804838302887],
 [-24.056314397007565, 20.485451860777648],
 [-19.426111432451798, 19.737689292845598],
 [-22.608110641529155, 1.9032838442688809],
 [-30.0, 6.440652671379992],
 [-13.085217137962752, 6.747830214971383],
 [-22.772250763703806, 5.228238875703722],
 [-19.732182103417546, 2.015790576371286],
 [-14.923347050114593, -1.0041304158731872],
 [-29.47861105088581, 5.146017704696633],
 [-30.0, 30.0],
 [-30.0, 30.0],
 [-30.0, 30.0],
 [-24.566767431232773, 26.196316808936977],
 [-30.0, 14.04902328953545],
 [-14.914327086916657, -8.88531192850041],
 [-24.343026762642843, 16.5257635849443],
 [-25.034146328423304, 28.218286859033505],
 [-30.0, 6.597429011012465],
 [-30.0, 26.80245329837549]]
最小値:76.48264819539527
入力値:[-30.  30.]
経過時間:131.9475860595703sec
num_evaluation of BBF = 30.0w=0.8w=0.7w=0.6000000000000001w=0.5w=0.4
position_history=[[-3.8403058714797744, -28.44442609032652],
 [-4.7779318747506565, -10.179910739767553],
 [-12.02071957952861, -13.990363493828003],
 [-21.925203279303986, 0.8146872759447845],
 [21.238517558369324, -0.3457897570843329],
 [0.31476540730223945, -26.082809736787315],
 [-22.370401697923352, 5.804718538715747],
 [-16.781627575766418, -9.010422899802045],
 [8.42440351289489, -1.0158098668949016],
 [17.618247266494627, 4.800250732668395],
 [-24.779315971566238, 0.7382568028460597],
 [-24.095694579135852, 20.50135465629107],
 [-19.409960254749222, 19.74157490541587],
 [-22.65018532610957, 1.9413285306444372],
 [-30.0, 6.384605401647867],
 [-13.094800827616433, 6.694034337059467],
 [-22.808782496956574, 5.17583163361172],
 [-19.736477105473238, 1.976023006539947],
 [-14.922648820778786, -1.0192113957240458],
 [-29.523637904418834, 5.172784684244254],
 [-30.0, 30.0],
 [-30.0, 30.0],
 [-30.0, 30.0],
 [-24.70781757998322, 26.345135582342028],
 [-30.0, 14.877877949488486],
 [-16.748218946996666, -4.443043050502954],
 [-24.44594844629863, 16.503378136836865],
 [-25.464308090757072, 29.68098910521],
 [-30.0, 6.584299025239571],
 [-30.0, 26.878859985045302],
 [-30.0, 30.0],
 [-30.0, 30.0],
 [-30.0, 30.0],
 [-30.0, 30.0],
 [-30.0, 24.857275620441914],
 [-30.0, 30.0],
 [-27.97837999797789, 30.0],
 [-30.0, 30.0],
 [-30.0, 28.653320537709707],
 [-30.0, 30.0],
 [-30.0, 30.0],
 [-30.0, 30.0],
 [-30.0, 30.0],
 [-30.0, 30.0],
 [-30.0, 30.0],
 [-30.0, 30.0],
 [-29.778754535408112, 30.0],
 [-30.0, 30.0],
 [-30.0, 30.0],
 [-30.0, 30.0]]
最小値:76.48264819539527
入力値:[-30.  30.]
経過時間:218.93946075439453sec
num_evaluation of BBF = 50.0w=0.85w=0.8w=0.75w=0.7w=0.65w=0.6000000000000001w=0.55w=0.5w=0.45w=0.4
position_history=[[-3.8403058714797744, -28.44442609032652],
 [-4.7779318747506565, -10.179910739767553],
 [-12.02071957952861, -13.990363493828003],
 [-21.925203279303986, 0.8146872759447845],
 [21.238517558369324, -0.3457897570843329],
 [0.31476540730223945, -26.082809736787315],
 [-22.370401697923352, 5.804718538715747],
 [-16.781627575766418, -9.010422899802045],
 [8.42440351289489, -1.0158098668949016],
 [17.618247266494627, 4.800250732668395],
 [-24.774349723778368, 0.7317890421078879],
 [-24.12522971573207, 20.513281752926137],
 [-19.397846871472296, 19.744489114843578],
 [-22.681741339544875, 1.9698620454261047],
 [-30.0, 6.342569949348772],
 [-13.101988594856694, 6.653687428625528],
 [-22.83618129689615, 5.1365262020427185],
 [-19.73969835701501, 1.9461973291664432],
 [-14.922125148776932, -1.03052213061219],
 [-29.557408044568604, 5.192859918904969],
 [-30.0, 30.0],
 [-30.0, 30.0],
 [-30.0, 30.0],
 [-24.820968261347634, 26.463407482511535],
 [-30.0, 15.48971067225014],
 [-18.12531498774607, -1.1207556706394506],
 [-24.529532762359707, 16.477417783390187],
 [-25.78768103786715, 30.0],
 [-30.0, 6.571812364436],
 [-30.0, 26.940849221468493],
 [-30.0, 30.0],
 [-30.0, 30.0],
 [-30.0, 30.0],
 [-30.0, 30.0],
 [-30.0, 27.035919303057263],
 [-30.0, 30.0],
 [-28.311300767175435, 30.0],
 [-30.0, 30.0],
 [-30.0, 29.790501153802214],
 [-30.0, 30.0],
 [-30.0, 30.0],
 [-30.0, 30.0],
 [-30.0, 30.0],
 [-30.0, 30.0],
 [-30.0, 30.0],
 [-30.0, 30.0],
 [-30.0, 30.0],
 [-30.0, 30.0],
 [-30.0, 30.0],
 [-30.0, 30.0],
 [-30.0, 30.0],
 [-30.0, 30.0],
 [-30.0, 30.0],
 [-30.0, 30.0],
 [-30.0, 30.0],
 [-30.0, 30.0],
 [-30.0, 30.0],
 [-30.0, 30.0],
 [-30.0, 30.0],
 [-30.0, 30.0],
 [-30.0, 30.0],
 [-30.0, 30.0],
 [-30.0, 30.0],
 [-30.0, 30.0],
 [-30.0, 30.0],
 [-30.0, 30.0],
 [-30.0, 30.0],
 [-30.0, 30.0],
 [-30.0, 30.0],
 [-30.0, 30.0],
 [-30.0, 30.0],
 [-30.0, 30.0],
 [-30.0, 30.0],
 [-30.0, 30.0],
 [-30.0, 30.0],
 [-30.0, 30.0],
 [-30.0, 30.0],
 [-30.0, 30.0],
 [-30.0, 30.0],
 [-30.0, 30.0],
 [-30.0, 30.0],
 [-30.0, 30.0],
 [-30.0, 30.0],
 [-30.0, 30.0],
 [-30.0, 30.0],
 [-30.0, 30.0],
 [-30.0, 30.0],
 [-30.0, 30.0],
 [-30.0, 30.0],
 [-30.0, 30.0],
 [-30.0, 30.0],
 [-30.0, 30.0],
 [-30.0, 30.0],
 [-30.0, 30.0],
 [-30.0, 30.0],
 [-30.0, 30.0],
 [-30.0, 30.0],
 [-30.0, 30.0],
 [-30.0, 30.0],
 [-30.0, 30.0]]
最小値:76.48264819539527
入力値:[-30.  30.]
経過時間:434.35948848724365sec
num_evaluation of BBF = 100.0w=0.8666666666666667w=0.8333333333333334w=0.8w=0.7666666666666667w=0.7333333333333334w=0.7w=0.6666666666666667w=0.6333333333333333w=0.6000000000000001w=0.5666666666666667w=0.5333333333333334w=0.5w=0.4666666666666667w=0.43333333333333335w=0.4
position_history=[[-3.8403058714797744, -28.44442609032652],
 [-4.7779318747506565, -10.179910739767553],
 [-12.02071957952861, -13.990363493828003],
 [-21.925203279303986, 0.8146872759447845],
 [21.238517558369324, -0.3457897570843329],
 [0.31476540730223945, -26.082809736787315],
 [-22.370401697923352, 5.804718538715747],
 [-16.781627575766418, -9.010422899802045],
 [8.42440351289489, -1.0158098668949016],
 [17.618247266494627, 4.800250732668395],
 [-24.772694307849076, 0.729633121861827],
 [-24.13507476126414, 20.517257451804493],
 [-19.39380907704665, 19.745460517986142],
 [-22.692260010689978, 1.9793732170199938],
 [-30.0, 6.328558131915742],
 [-13.104384517270114, 6.64023845914755],
 [-22.845314230209343, 5.123424391519717],
 [-19.740772107528933, 1.9362554367086098],
 [-14.921950591442979, -1.0342923755749047],
 [-29.568664757951858, 5.199551663791875],
 [-30.0, 30.0],
 [-30.0, 30.0],
 [-30.0, 30.0],
 [-24.860087644621785, 26.504099605447223],
 [-30.0, 15.691786670846287],
 [-18.584666457650997, -0.015119739948675104],
 [-24.55861192548849, 16.467017424171562],
 [-25.89561518697236, 30.0],
 [-30.0, 6.5671474448397795],
 [-30.0, 26.962404532927813],
 [-30.0, 30.0],
 [-30.0, 30.0],
 [-30.0, 30.0],
 [-30.0, 30.0],
 [-30.0, 27.802965556749374],
 [-30.0, 30.0],
 [-28.42765284616589, 30.0],
 [-30.0, 30.0],
 [-30.0, 30.0],
 [-30.0, 30.0],
 [-30.0, 30.0],
 [-30.0, 30.0],
 [-30.0, 30.0],
 [-30.0, 30.0],
 [-30.0, 16.02908053152252],
 [-30.0, 30.0],
 [-30.0, 30.0],
 [-30.0, 30.0],
 [-30.0, 30.0],
 [-30.0, 30.0],
 [-30.0, 30.0],
 [-30.0, 30.0],
 [-30.0, 30.0],
 [-30.0, 30.0],
 [-30.0, 12.602020104142053],
 [-30.0, 30.0],
 [-30.0, 30.0],
 [-30.0, 30.0],
 [-30.0, 30.0],
 [-30.0, 30.0],
 [-30.0, 30.0],
 [-30.0, 30.0],
 [-30.0, 30.0],
 [-30.0, 30.0],
 [-30.0, 15.898177301972932],
 [-30.0, 30.0],
 [-30.0, 30.0],
 [-30.0, 30.0],
 [-30.0, 30.0],
 [-30.0, 30.0],
 [-30.0, 30.0],
 [-30.0, 30.0],
 [-30.0, 30.0],
 [-30.0, 30.0],
 [-30.0, 28.243979287748235],
 [-30.0, 30.0],
 [-30.0, 30.0],
 [-30.0, 30.0],
 [-30.0, 30.0],
 [-30.0, 30.0],
 [-30.0, 30.0],
 [-30.0, 30.0],
 [-30.0, 30.0],
 [-30.0, 30.0],
 [-30.0, 30.0],
 [-30.0, 30.0],
 [-30.0, 30.0],
 [-30.0, 30.0],
 [-30.0, 30.0],
 [-30.0, 30.0],
 [-30.0, 30.0],
 [-30.0, 30.0],
 [-30.0, 30.0],
 [-30.0, 30.0],
 [-30.0, 30.0],
 [-30.0, 30.0],
 [-30.0, 30.0],
 [-30.0, 30.0],
 [-30.0, 30.0],
 [-30.0, 30.0],
 [-30.0, 30.0],
 [-30.0, 30.0],
 [-30.0, 30.0],
 [-30.0, 30.0],
 [-30.0, 30.0],
 [-30.0, 30.0],
 [-30.0, 30.0],
 [-30.0, 30.0],
 [-30.0, 30.0],
 [-30.0, 30.0],
 [-30.0, 30.0],
 [-30.0, 30.0],
 [-30.0, 30.0],
 [-30.0, 30.0],
 [-30.0, 30.0],
 [-30.0, 30.0],
 [-30.0, 30.0],
 [-30.0, 30.0],
 [-30.0, 30.0],
 [-30.0, 30.0],
 [-30.0, 30.0],
 [-30.0, 30.0],
 [-30.0, 30.0],
 [-30.0, 30.0],
 [-30.0, 30.0],
 [-30.0, 30.0],
 [-30.0, 30.0],
 [-30.0, 30.0],
 [-30.0, 30.0],
 [-30.0, 30.0],
 [-30.0, 30.0],
 [-30.0, 30.0],
 [-30.0, 30.0],
 [-30.0, 30.0],
 [-30.0, 30.0],
 [-30.0, 30.0],
 [-30.0, 30.0],
 [-30.0, 30.0],
 [-30.0, 30.0],
 [-30.0, 30.0],
 [-30.0, 30.0],
 [-30.0, 30.0],
 [-30.0, 30.0],
 [-30.0, 30.0],
 [-30.0, 30.0],
 [-30.0, 30.0],
 [-30.0, 30.0],
 [-30.0, 30.0],
 [-30.0, 30.0],
 [-30.0, 30.0]]
最小値:76.48264819539527
入力値:[-30.  30.]
経過時間:642.3184382915497sec
num_evaluation of BBF = 150.0w=0.875w=0.85w=0.8250000000000001w=0.8w=0.775w=0.75w=0.7250000000000001w=0.7w=0.675w=0.65w=0.625w=0.6000000000000001w=0.575w=0.55w=0.525w=0.5w=0.47500000000000003w=0.45w=0.42500000000000004w=0.4
position_history=[[-3.8403058714797744, -28.44442609032652],
 [-4.7779318747506565, -10.179910739767553],
 [-12.02071957952861, -13.990363493828003],
 [-21.925203279303986, 0.8146872759447845],
 [21.238517558369324, -0.3457897570843329],
 [0.31476540730223945, -26.082809736787315],
 [-22.370401697923352, 5.804718538715747],
 [-16.781627575766418, -9.010422899802045],
 [8.42440351289489, -1.0158098668949016],
 [17.618247266494627, 4.800250732668395],
 [-24.771866599884433, 0.7285551617388002],
 [-24.139997284030176, 20.519245301243668],
 [-19.39179017983383, 19.74594621955743],
 [-22.69751934626253, 1.9841288028169384],
 [-30.0, 6.321552223199226],
 [-13.105582478476824, 6.633513974408562],
 [-22.849880696865938, 5.116873486258217],
 [-19.741308982785895, 1.9312844904796922],
 [-14.921863312776004, -1.036177498056262],
 [-29.57429311464348, 5.202897536235327],
 [-30.0, 30.0],
 [-30.0, 30.0],
 [-30.0, 30.0],
 [-24.879910303037487, 26.52468344620491],
 [-30.0, 15.792474374708533],
 [-18.81440209066379, 0.5373620011597477],
 [-24.57337983038571, 16.46148969929917],
 [-25.94960910528782, 30.0],
 [-30.0, 6.564720728917601],
 [-30.0, 26.97334948227964],
 [-30.0, 30.0],
 [-30.0, 30.0],
 [-30.0, 30.0],
 [-30.0, 30.0],
 [-30.0, 28.19406580952618],
 [-30.0, 30.0],
 [-28.486888725146873, 30.0],
 [-30.0, 30.0],
 [-30.0, 30.0],
 [-30.0, 30.0],
 [-30.0, 30.0],
 [-30.0, 30.0],
 [-30.0, 30.0],
 [-30.0, 30.0],
 [-30.0, 30.0],
 [-30.0, 30.0],
 [-30.0, 30.0],
 [-30.0, 30.0],
 [-30.0, 30.0],
 [-30.0, 30.0],
 [-30.0, 30.0],
 [-30.0, 30.0],
 [-30.0, 30.0],
 [-30.0, 30.0],
 [-30.0, 30.0],
 [-30.0, 30.0],
 [-30.0, 30.0],
 [-30.0, 30.0],
 [-30.0, 30.0],
 [-30.0, 30.0],
 [-30.0, 30.0],
 [-30.0, 30.0],
 [-30.0, 30.0],
 [-30.0, 30.0],
 [-30.0, 30.0],
 [-30.0, 30.0],
 [-30.0, 30.0],
 [-30.0, 30.0],
 [-30.0, 30.0],
 [-30.0, 30.0],
 [-30.0, 30.0],
 [-30.0, 30.0],
 [-30.0, 30.0],
 [-30.0, 30.0],
 [-30.0, 30.0],
 [-30.0, 30.0],
 [-30.0, 30.0],
 [-30.0, 30.0],
 [-30.0, 30.0],
 [-30.0, 30.0],
 [-30.0, 30.0],
 [-30.0, 30.0],
 [-30.0, 30.0],
 [-30.0, 30.0],
 [-30.0, 30.0],
 [-30.0, 30.0],
 [-30.0, 30.0],
 [-30.0, 30.0],
 [-30.0, 30.0],
 [-30.0, 30.0],
 [-30.0, 30.0],
 [-30.0, 30.0],
 [-30.0, 30.0],
 [-30.0, 30.0],
 [-30.0, 30.0],
 [-30.0, 30.0],
 [-30.0, 30.0],
 [-30.0, 30.0],
 [-30.0, 30.0],
 [-30.0, 30.0],
 [-30.0, 30.0],
 [-30.0, 30.0],
 [-30.0, 30.0],
 [-30.0, 30.0],
 [-30.0, 30.0],
 [-30.0, 30.0],
 [-30.0, 30.0],
 [-30.0, 30.0],
 [-30.0, 30.0],
 [-30.0, 30.0],
 [-30.0, 30.0],
 [-30.0, 30.0],
 [-30.0, 30.0],
 [-30.0, 30.0],
 [-30.0, 30.0],
 [-30.0, 30.0],
 [-30.0, 30.0],
 [-30.0, 30.0],
 [-30.0, 30.0],
 [-30.0, 30.0],
 [-30.0, 30.0],
 [-30.0, 30.0],
 [-30.0, 30.0],
 [-30.0, 30.0],
 [-30.0, 30.0],
 [-30.0, 30.0],
 [-30.0, 30.0],
 [-30.0, 30.0],
 [-30.0, 30.0],
 [-30.0, 30.0],
 [-30.0, 30.0],
 [-30.0, 30.0],
 [-30.0, 30.0],
 [-30.0, 30.0],
 [-30.0, 30.0],
 [-30.0, 30.0],
 [-30.0, 30.0],
 [-30.0, 30.0],
 [-30.0, 30.0],
 [-30.0, 30.0],
 [-30.0, 30.0],
 [-30.0, 30.0],
 [-30.0, 30.0],
 [-30.0, 30.0],
 [-30.0, 30.0],
 [-30.0, 30.0],
 [-30.0, 30.0],
 [-30.0, 30.0],
 [-30.0, 30.0],
 [-30.0, 30.0],
 [-30.0, 30.0],
 [-30.0, 30.0],
 [-30.0, 30.0],
 [-30.0, 30.0],
 [-30.0, 30.0],
 [-30.0, 30.0],
 [-30.0, 30.0],
 [-30.0, 30.0],
 [-30.0, 30.0],
 [-30.0, 30.0],
 [-30.0, 30.0],
 [-30.0, 30.0],
 [-30.0, 30.0],
 [-30.0, 30.0],
 [-30.0, 30.0],
 [-30.0, 30.0],
 [-30.0, 30.0],
 [-30.0, 30.0],
 [-30.0, 30.0],
 [-30.0, 30.0],
 [-30.0, 30.0],
 [-30.0, 30.0],
 [-30.0, 30.0],
 [-30.0, 30.0],
 [-30.0, 30.0],
 [-30.0, 30.0],
 [-30.0, 30.0],
 [-30.0, 30.0],
 [-30.0, 30.0],
 [-30.0, 30.0],
 [-30.0, 30.0],
 [-30.0, 30.0],
 [-30.0, 30.0],
 [-30.0, 30.0],
 [-30.0, 30.0],
 [-30.0, 30.0],
 [-30.0, 30.0],
 [-30.0, 30.0],
 [-30.0, 30.0],
 [-30.0, 30.0],
 [-30.0, 30.0],
 [-30.0, 30.0],
 [-30.0, 30.0],
 [-30.0, 30.0],
 [-30.0, 30.0],
 [-30.0, 30.0],
 [-30.0, 30.0],
 [-30.0, 30.0],
 [-30.0, 30.0],
 [-30.0, 30.0]]
最小値:76.48264819539527
入力値:[-30.  30.]
経過時間:839.1466641426086sec
num_evaluation of BBF = 200.0w=0.65w=0.4
position_history=[[3.0478741544745276, 12.488869357086287],
 [23.57681726085928, 23.777585336006283],
 [-26.911967801950208, -3.551409380961811],
 [8.948642856885641, -13.290763041121483],
 [-28.561087057370077, 3.531245279452918],
 [-29.859146688850636, -12.529987408510127],
 [-16.086316702087828, -27.783846562596082],
 [-27.52312872780807, -3.6075261892486865],
 [-30.0, -2.3066244365717843],
 [-27.533259232774878, -3.2218068402444153]]
最小値:82.5149634464002
入力値:[-27.52312873  -3.60752619]
経過時間:42.10917115211487sec
num_evaluation of BBF = 10.0w=0.7333333333333334w=0.5666666666666667w=0.4
position_history=[[3.0478741544745276, 12.488869357086287],
 [23.57681726085928, 23.777585336006283],
 [-26.911967801950208, -3.551409380961811],
 [8.948642856885641, -13.290763041121483],
 [-28.561087057370077, 3.531245279452918],
 [-12.988495093720875, 11.588275098779782],
 [2.6789410819106863, 16.818885870682024],
 [-6.7217245466610755, 26.18301899162583],
 [24.170046512303884, 20.74505227759076],
 [9.204654151412171, 3.470445743307053],
 [-24.683223273762863, -15.101657809714311],
 [-5.0418174522231745, -1.5005203763704174],
 [-27.601482692661644, -3.6147206518495683],
 [-30.0, 1.3881535467803374],
 [-27.681961151449958, -6.057609142019368],
 [-22.148563788061203, -2.3936967385947447],
 [-30.0, 7.01695412095942],
 [-30.0, -1.8171281441187297],
 [16.57786411376984, 10.478143769473064],
 [-0.3376994540304601, -4.702879802069379],
 [-30.0, -18.306971892796913],
 [-22.59519962119851, -6.032114339162726],
 [-27.992207797398123, -3.650597038685964],
 [-30.0, 6.044696859543388],
 [-27.15287443998251, -7.945833370244326],
 [-30.0, -11.64429745687328],
 [-30.0, -15.284874955082747],
 [-30.0, -18.32099307890533],
 [-30.0, 18.94454153402014],
 [-17.16165239842906, -7.744177481627425]]
最小値:78.37344409969711
入力値:[-30.          18.94454153]
経過時間:125.42399024963379sec
num_evaluation of BBF = 30.0w=0.8w=0.7w=0.6000000000000001w=0.5w=0.4
position_history=[[3.0478741544745276, 12.488869357086287],
 [23.57681726085928, 23.777585336006283],
 [-26.911967801950208, -3.551409380961811],
 [8.948642856885641, -13.290763041121483],
 [-28.561087057370077, 3.531245279452918],
 [-12.988495093720875, 11.588275098779782],
 [2.6789410819106863, 16.818885870682024],
 [-6.7217245466610755, 26.18301899162583],
 [24.170046512303884, 20.74505227759076],
 [9.204654151412171, 3.470445743307053],
 [-24.711102641907804, -15.100214129021289],
 [-5.091739410827998, -1.5395546592853258],
 [-27.6641658645445, -3.6204762219302733],
 [-30.0, 1.4002685891025166],
 [-27.71406082519563, -6.068928982418026],
 [-22.156503292371774, -2.4394477067980826],
 [-30.0, 6.979881838817045],
 [-30.0, -1.794143653997022],
 [16.561596652613694, 10.423772703989293],
 [-0.35615748562211635, -4.739539201424067],
 [-30.0, -24.640366689228088],
 [-26.541407402526154, -13.50188004949779],
 [-28.27473791900752, -7.315804774944276],
 [-30.0, 6.217425674855482],
 [-27.121142462673518, -12.789050965727686],
 [-30.0, -16.20478453052813],
 [-30.0, -20.462382752853728],
 [-30.0, -22.893255826436057],
 [-30.0, 16.892281851643926],
 [-18.504757347777247, -12.429320488948669],
 [-30.0, 30.0],
 [30.0, 15.30207208896203],
 [-30.0, 30.0],
 [-30.0, 25.719642600863146],
 [-30.0, 1.3150631475125465],
 [-27.90039574487718, 30.0],
 [-30.0, -6.798798785149092],
 [-30.0, -5.613802110664025],
 [-30.0, 20.773387340236706],
 [-30.0, 30.0],
 [-30.0, 30.0],
 [30.0, 30.0],
 [-30.0, 30.0],
 [-30.0, 30.0],
 [-28.968743797785336, 30.0],
 [-29.792188641078255, 30.0],
 [-30.0, 22.45718267596862],
 [-30.0, 30.0],
 [-30.0, 23.86319736924392],
 [-30.0, 30.0]]
最小値:76.48264819539527
入力値:[-30.  30.]
経過時間:210.02659916877747sec
num_evaluation of BBF = 50.0w=0.85w=0.8w=0.75w=0.7w=0.65w=0.6000000000000001w=0.55w=0.5w=0.45w=0.4
position_history=[[3.0478741544745276, 12.488869357086287],
 [23.57681726085928, 23.777585336006283],
 [-26.911967801950208, -3.551409380961811],
 [8.948642856885641, -13.290763041121483],
 [-28.561087057370077, 3.531245279452918],
 [-12.988495093720875, 11.588275098779782],
 [2.6789410819106863, 16.818885870682024],
 [-6.7217245466610755, 26.18301899162583],
 [24.170046512303884, 20.74505227759076],
 [9.204654151412171, 3.470445743307053],
 [-24.73201216801651, -15.099131368501524],
 [-5.1291808797816145, -1.5688303714715062],
 [-27.711178243456644, -3.624792899490802],
 [-30.0, 1.4093548708441528],
 [-27.738135580504885, -6.077418862717019],
 [-22.162457920604698, -2.4737609329505865],
 [-30.0, 6.952077627210262],
 [-30.0, -1.7769052864057393],
 [16.549396056746584, 10.382994404876467],
 [-0.37000100931585855, -4.767033750940085],
 [-30.0, -27.407684042921183],
 [-29.39792739909531, -16.035952738864278],
 [-28.395948315483942, -7.3366974835212595],
 [-30.0, 7.690020482979604],
 [-27.07977439901273, -13.76435017645297],
 [-30.0, -17.641245769561046],
 [-30.0, -21.46590609923393],
 [-30.0, -25.669061808915522],
 [-30.0, 15.86878945633218],
 [-19.490041148595573, -13.272035440164084],
 [-30.0, 30.0],
 [30.0, 11.476750448004637],
 [-30.0, 30.0],
 [-30.0, 23.779564627452075],
 [-30.0, -1.2963441949838295],
 [-30.0, 30.0],
 [-30.0, -11.955245056113393],
 [-30.0, -10.766629572935168],
 [-30.0, 19.983135744923967],
 [-30.0, 30.0],
 [-30.0, 30.0],
 [30.0, 30.0],
 [-30.0, 30.0],
 [-30.0, 30.0],
 [-29.995424761238155, 30.0],
 [-30.0, 30.0],
 [-30.0, 22.372670735840018],
 [-30.0, 30.0],
 [-30.0, 24.110868349140866],
 [-30.0, 30.0],
 [-30.0, 30.0],
 [-23.512458428491172, 30.0],
 [-30.0, 30.0],
 [-30.0, 30.0],
 [-29.992450856042957, 30.0],
 [-30.0, 30.0],
 [-30.0, 30.0],
 [-30.0, 30.0],
 [-30.0, 26.65203982884995],
 [-30.0, 30.0],
 [-30.0, 30.0],
 [-30.0, 30.0],
 [-30.0, 30.0],
 [-30.0, 30.0],
 [-29.990666512925838, 30.0],
 [-30.0, 30.0],
 [-30.0, 30.0],
 [-30.0, 30.0],
 [-30.0, 25.84387104566249],
 [-30.0, 30.0],
 [-30.0, 30.0],
 [-30.0, 30.0],
 [-30.0, 30.0],
 [-30.0, 30.0],
 [-29.989685124211423, 30.0],
 [-30.0, 30.0],
 [-30.0, 30.0],
 [-30.0, 30.0],
 [-30.0, 27.200123012925303],
 [-30.0, 30.0],
 [-30.0, 30.0],
 [-30.0, 30.0],
 [-30.0, 30.0],
 [-30.0, 30.0],
 [-29.991401089986027, 30.0],
 [-30.0, 30.0],
 [-30.0, 30.0],
 [-30.0, 30.0],
 [-30.0, 26.464747897938043],
 [-30.0, 30.0],
 [-30.0, 30.0],
 [-30.0, 30.0],
 [-30.0, 30.0],
 [-30.0, 30.0],
 [-29.990839293312497, 30.0],
 [-30.0, 30.0],
 [-30.0, 30.0],
 [-30.0, 30.0],
 [-30.0, 29.304794375623036],
 [-30.0, 30.0]]
最小値:76.47703612834209
入力値:[-29.99083929  30.        ]
経過時間:419.00334215164185sec
num_evaluation of BBF = 100.0w=0.8666666666666667w=0.8333333333333334w=0.8w=0.7666666666666667w=0.7333333333333334w=0.7w=0.6666666666666667w=0.6333333333333333w=0.6000000000000001w=0.5666666666666667w=0.5333333333333334w=0.5w=0.4666666666666667w=0.43333333333333335w=0.4
position_history=[[3.0478741544745276, 12.488869357086287],
 [23.57681726085928, 23.777585336006283],
 [-26.911967801950208, -3.551409380961811],
 [8.948642856885641, -13.290763041121483],
 [-28.561087057370077, 3.531245279452918],
 [-12.988495093720875, 11.588275098779782],
 [2.6789410819106863, 16.818885870682024],
 [-6.7217245466610755, 26.18301899162583],
 [24.170046512303884, 20.74505227759076],
 [9.204654151412171, 3.470445743307053],
 [-24.738982010052744, -15.098770448328267],
 [-5.141661369432818, -1.5785889422002342],
 [-27.72684903642736, -3.6262317920109783],
 [-30.0, 1.4123836314246976],
 [-27.7461604989413, -6.080248822816683],
 [-22.16444279668234, -2.4851986750014206],
 [-30.0, 6.942809556674668],
 [-30.0, -1.7711591638753106],
 [16.545329191457547, 10.369401638505524],
 [-0.3746155172137726, -4.776198600778757],
 [-30.0, -28.33007503812911],
 [-30.0, -16.8819447780836],
 [-28.43844122003884, -7.3438535720496105],
 [-30.0, 8.181289253765048],
 [-27.067055033583987, -14.089827241374685],
 [-30.0, -18.12159121484546],
 [-30.0, -21.801649624098737],
 [-30.0, -26.59356432007128],
 [-30.0, 15.52581295571214],
 [-19.8190843499214, -13.554162403881044],
 [-30.0, 30.0],
 [30.0, 10.03338903338718],
 [-30.0, 30.0],
 [-30.0, 23.226986302149275],
 [-30.0, -2.232732476592105],
 [-30.0, 30.0],
 [-30.0, -13.740606070753817],
 [-30.0, -12.670498384621565],
 [-30.0, 19.650942009477433],
 [-30.0, 30.0],
 [-30.0, 30.0],
 [30.0, 30.0],
 [-30.0, 30.0],
 [-30.0, 30.0],
 [-30.0, 30.0],
 [-30.0, 30.0],
 [-30.0, 21.39558003698686],
 [-30.0, 30.0],
 [-30.0, 24.10260885937547],
 [-30.0, 30.0],
 [-30.0, 30.0],
 [-17.183527364964064, 30.0],
 [-30.0, 30.0],
 [-30.0, 30.0],
 [-30.0, 30.0],
 [-30.0, 30.0],
 [-30.0, 30.0],
 [-30.0, 30.0],
 [-30.0, 26.964028149636434],
 [-30.0, 30.0],
 [-30.0, 30.0],
 [-30.0, 30.0],
 [-30.0, 30.0],
 [-30.0, 30.0],
 [-30.0, 30.0],
 [-30.0, 30.0],
 [-30.0, 30.0],
 [-30.0, 30.0],
 [-30.0, 25.802533560985342],
 [-30.0, 30.0],
 [-30.0, 30.0],
 [-30.0, 30.0],
 [-30.0, 30.0],
 [-30.0, 30.0],
 [-30.0, 30.0],
 [-30.0, 30.0],
 [-30.0, 30.0],
 [-30.0, 30.0],
 [-30.0, 26.846859112266944],
 [-30.0, 30.0],
 [-30.0, 30.0],
 [-30.0, 30.0],
 [-30.0, 30.0],
 [-30.0, 30.0],
 [-30.0, 30.0],
 [-30.0, 30.0],
 [-30.0, 30.0],
 [-30.0, 30.0],
 [-30.0, 26.433208532359533],
 [-30.0, 30.0],
 [-30.0, 30.0],
 [-30.0, 30.0],
 [-30.0, 30.0],
 [-30.0, 30.0],
 [-30.0, 30.0],
 [-30.0, 30.0],
 [-30.0, 30.0],
 [-30.0, 30.0],
 [-30.0, 29.380093863003307],
 [-30.0, 30.0],
 [-30.0, 30.0],
 [-30.0, 30.0],
 [-30.0, 30.0],
 [-30.0, 30.0],
 [-30.0, 30.0],
 [-30.0, 30.0],
 [-30.0, 30.0],
 [-30.0, 30.0],
 [-30.0, 30.0],
 [-30.0, 30.0],
 [-30.0, 30.0],
 [-30.0, 30.0],
 [-30.0, 30.0],
 [-30.0, 30.0],
 [-30.0, 30.0],
 [-30.0, 30.0],
 [-30.0, 30.0],
 [-30.0, 30.0],
 [-30.0, 30.0],
 [-30.0, 30.0],
 [-30.0, 30.0],
 [-30.0, 30.0],
 [-30.0, 30.0],
 [-30.0, 30.0],
 [-30.0, 30.0],
 [-30.0, 30.0],
 [-30.0, 30.0],
 [-30.0, 30.0],
 [-30.0, 30.0],
 [-30.0, 30.0],
 [-30.0, 30.0],
 [-30.0, 30.0],
 [-30.0, 30.0],
 [-30.0, 30.0],
 [-30.0, 30.0],
 [-30.0, 30.0],
 [-30.0, 30.0],
 [-30.0, 30.0],
 [-30.0, 30.0],
 [-30.0, 30.0],
 [-30.0, 30.0],
 [-30.0, 30.0],
 [-30.0, 30.0],
 [-30.0, 30.0],
 [-30.0, 30.0],
 [-30.0, 30.0],
 [-30.0, 30.0],
 [-30.0, 30.0],
 [-30.0, 30.0],
 [-30.0, 30.0]]
最小値:76.48264819539527
入力値:[-30.  30.]
経過時間:639.8271737098694sec
num_evaluation of BBF = 150.0w=0.875w=0.85w=0.8250000000000001w=0.8w=0.775w=0.75w=0.7250000000000001w=0.7w=0.675w=0.65w=0.625w=0.6000000000000001w=0.575w=0.55w=0.525w=0.5w=0.47500000000000003w=0.45w=0.42500000000000004w=0.4
position_history=[[3.0478741544745276, 12.488869357086287],
 [23.57681726085928, 23.777585336006283],
 [-26.911967801950208, -3.551409380961811],
 [8.948642856885641, -13.290763041121483],
 [-28.561087057370077, 3.531245279452918],
 [-12.988495093720875, 11.588275098779782],
 [2.6789410819106863, 16.818885870682024],
 [-6.7217245466610755, 26.18301899162583],
 [24.170046512303884, 20.74505227759076],
 [9.204654151412171, 3.470445743307053],
 [-24.74246693107086, -15.098589988241638],
 [-5.147901614258423, -1.5834682275645982],
 [-27.734684432912715, -3.6269512382710665],
 [-30.0, 1.41389801171497],
 [-27.75017295815951, -6.081663802866515],
 [-22.165435234721162, -2.4909175460268393],
 [-30.0, 6.938175521406871],
 [-30.0, -1.768286102610098],
 [16.543295758813027, 10.362605255320052],
 [-0.37692277116272876, -4.780781025698094],
 [-30.0, -28.79126151272874],
 [-30.0, -17.30518476196148],
 [-28.46007944214056, -7.34746758862679],
 [-30.0, 8.426999358172285],
 [-27.06089597383053, -14.252636522838033],
 [-30.0, -18.362049881038935],
 [-30.0, -21.96975308829453],
 [-30.0, -27.055671922585905],
 [-30.0, 15.35398488624285],
 [-19.98372131328176, -13.69545500698549],
 [-30.0, 30.0],
 [30.0, 9.280105771437174],
 [-30.0, 30.0],
 [-30.0, 22.96836061362006],
 [-30.0, -2.713302379817323],
 [-30.0, 30.0],
 [-30.0, -14.645816009280603],
 [-30.0, -13.657324154324789],
 [-30.0, 19.47187308175416],
 [-30.0, 30.0],
 [-30.0, 30.0],
 [30.0, 30.0],
 [-30.0, 30.0],
 [-30.0, 30.0],
 [-30.0, 30.0],
 [-30.0, 30.0],
 [-30.0, 20.82121560743446],
 [-30.0, 30.0],
 [-30.0, 24.077556186392037],
 [-30.0, 30.0],
 [-30.0, 30.0],
 [-14.138736447856559, 30.0],
 [-30.0, 30.0],
 [-30.0, 30.0],
 [-30.0, 30.0],
 [-30.0, 30.0],
 [-30.0, 30.0],
 [-30.0, 30.0],
 [-30.0, 27.131238881906036],
 [-30.0, 30.0],
 [-30.0, 30.0],
 [-30.0, 30.0],
 [-30.0, 30.0],
 [-30.0, 30.0],
 [-30.0, 30.0],
 [-30.0, 30.0],
 [-30.0, 30.0],
 [-30.0, 30.0],
 [-30.0, 25.810453485647717],
 [-30.0, 30.0],
 [-30.0, 30.0],
 [-30.0, 30.0],
 [-30.0, 30.0],
 [-30.0, 30.0],
 [-30.0, 30.0],
 [-30.0, 30.0],
 [-30.0, 30.0],
 [-30.0, 30.0],
 [-30.0, 26.668107848814284],
 [-30.0, 30.0],
 [-30.0, 30.0],
 [-30.0, 30.0],
 [-30.0, 30.0],
 [-30.0, 30.0],
 [-30.0, 30.0],
 [-30.0, 30.0],
 [-30.0, 30.0],
 [-30.0, 30.0],
 [-30.0, 26.395512636133237],
 [-30.0, 30.0],
 [-30.0, 30.0],
 [-30.0, 30.0],
 [-30.0, 30.0],
 [-30.0, 30.0],
 [-30.0, 30.0],
 [-30.0, 30.0],
 [-30.0, 30.0],
 [-30.0, 30.0],
 [-30.0, 29.491652907406774],
 [-30.0, 30.0],
 [-30.0, 30.0],
 [-30.0, 30.0],
 [-30.0, 30.0],
 [-30.0, 30.0],
 [-30.0, 30.0],
 [-30.0, 30.0],
 [-30.0, 30.0],
 [-30.0, 30.0],
 [-30.0, 30.0],
 [-30.0, 30.0],
 [-30.0, 30.0],
 [-30.0, 30.0],
 [-30.0, 30.0],
 [-30.0, 30.0],
 [-30.0, 30.0],
 [-30.0, 30.0],
 [-30.0, 30.0],
 [-30.0, 30.0],
 [-30.0, 30.0],
 [-30.0, 30.0],
 [-30.0, 30.0],
 [-30.0, 30.0],
 [-30.0, 30.0],
 [-30.0, 30.0],
 [-30.0, 30.0],
 [-30.0, 30.0],
 [-30.0, 30.0],
 [-30.0, 30.0],
 [-30.0, 30.0],
 [-30.0, 30.0],
 [-30.0, 30.0],
 [-30.0, 30.0],
 [-30.0, 30.0],
 [-30.0, 30.0],
 [-30.0, 30.0],
 [-30.0, 30.0],
 [-30.0, 30.0],
 [-30.0, 30.0],
 [-30.0, 30.0],
 [-30.0, 30.0],
 [-30.0, 30.0],
 [-30.0, 30.0],
 [-30.0, 30.0],
 [-30.0, 30.0],
 [-30.0, 30.0],
 [-30.0, 30.0],
 [-30.0, 30.0],
 [-30.0, 30.0],
 [-30.0, 30.0],
 [-30.0, 30.0],
 [-30.0, 30.0],
 [-30.0, 30.0],
 [-30.0, 30.0],
 [-30.0, 30.0],
 [-30.0, 30.0],
 [-30.0, 30.0],
 [-30.0, 30.0],
 [-30.0, 30.0],
 [-30.0, 30.0],
 [-30.0, 30.0],
 [-30.0, 30.0],
 [-30.0, 30.0],
 [-30.0, 30.0],
 [-30.0, 30.0],
 [-30.0, 30.0],
 [-30.0, 30.0],
 [-30.0, 30.0],
 [-30.0, 30.0],
 [-30.0, 30.0],
 [-30.0, 30.0],
 [-30.0, 30.0],
 [-30.0, 30.0],
 [-30.0, 30.0],
 [-30.0, 30.0],
 [-30.0, 30.0],
 [-30.0, 30.0],
 [-30.0, 30.0],
 [-30.0, 30.0],
 [-30.0, 30.0],
 [-30.0, 30.0],
 [-30.0, 30.0],
 [-30.0, 30.0],
 [-30.0, 30.0],
 [-30.0, 30.0],
 [-30.0, 30.0],
 [-30.0, 30.0],
 [-30.0, 30.0],
 [-30.0, 30.0],
 [-30.0, 30.0],
 [-30.0, 30.0],
 [-30.0, 30.0],
 [-30.0, 30.0],
 [-30.0, 30.0],
 [-30.0, 30.0],
 [-30.0, 30.0],
 [-30.0, 30.0],
 [-30.0, 30.0],
 [-30.0, 30.0],
 [-30.0, 30.0],
 [-30.0, 30.0]]
最小値:76.48264819539527
入力値:[-30.  30.]
経過時間:863.5634248256683sec
num_evaluation of BBF = 200.0w=0.65w=0.4
position_history=[[28.0217903408206, 2.8339349505433375],
 [11.863729475836251, -17.03463026517742],
 [-14.821058256993362, -3.9125080557332517],
 [21.77959413595333, 29.004040630518766],
 [-29.4608341399467, -6.805723041382237],
 [13.79848013771986, 2.1019230009502348],
 [-26.657301927927797, -6.957230436187732],
 [-14.457860458661484, -4.305517458752923],
 [-17.04447384627892, -12.845282529621116],
 [-18.43237188378596, -2.6018272843425443]]
最小値:81.69784813862609
入力値:[-18.43237188  -2.60182728]
経過時間:42.228368520736694sec
num_evaluation of BBF = 10.0w=0.7333333333333334w=0.5666666666666667w=0.4
position_history=[[28.0217903408206, 2.8339349505433375],
 [11.863729475836251, -17.03463026517742],
 [-14.821058256993362, -3.9125080557332517],
 [21.77959413595333, 29.004040630518766],
 [-29.4608341399467, -6.805723041382237],
 [-3.831201187212141, 26.938638406893766],
 [-19.61007471024311, -25.50308477921358],
 [14.002810050634196, -5.493368390879116],
 [1.3017673466974813, -23.50839702676616],
 [1.4642448041084037, 8.256614647559616],
 [-3.4664108457716196, -3.631622879105543],
 [-17.04401900585639, -1.3579880743569817],
 [-14.411296638362526, -4.35590327965288],
 [-30.0, 0.7186126114168729],
 [-3.6411378927644478, -3.7934725848163167],
 [-21.9938954693712, -25.650694565143795],
 [-13.741679500032678, -15.391084655307425],
 [-15.62950539047823, -2.943297507878034],
 [-3.365216956271885, 0.6437108013380133],
 [-0.26101478609506756, 5.803548498613144],
 [6.244551272960724, 3.1961706719945946],
 [-30.0, 7.525442500441267],
 [-16.64519579179898, 0.7157685370852951],
 [-30.0, -16.941095913396925],
 [-27.965359402489618, -2.7086902190446702],
 [-7.366555811640676, 30.0],
 [-14.89875478084453, 13.52236609031638],
 [-30.0, -1.1050542522310023],
 [-10.099466470346501, -27.822486830098573],
 [-16.863292240646423, -6.514936052997556]]
最小値:81.36277023807219
入力値:[-17.04401901  -1.35798807]
経過時間:127.97430872917175sec
num_evaluation of BBF = 30.0w=0.8w=0.7w=0.6000000000000001w=0.5w=0.4
position_history=[[28.0217903408206, 2.8339349505433375],
 [11.863729475836251, -17.03463026517742],
 [-14.821058256993362, -3.9125080557332517],
 [21.77959413595333, 29.004040630518766],
 [-29.4608341399467, -6.805723041382237],
 [-3.831201187212141, 26.938638406893766],
 [-19.61007471024311, -25.50308477921358],
 [14.002810050634196, -5.493368390879116],
 [1.3017673466974813, -23.50839702676616],
 [1.4642448041084037, 8.256614647559616],
 [-3.403386264442968, -3.6029807466156276],
 [-16.98051574521956, -1.4238240403297038],
 [-14.374045582123358, -4.396211936372847],
 [-30.0, 0.731590470607923],
 [-3.7019165517069155, -3.7325855224544187],
 [-21.955721337913193, -25.601855991999564],
 [-13.728247137182308, -15.435355030811637],
 [-15.62578421402251, -2.8849546300179085],
 [-3.4107871686472446, 0.6497378215651075],
 [-0.27414872694969783, 5.823522513149056],
 [2.0675929486285654, 2.193882696280613],
 [-30.0, 9.503740317063697],
 [-16.557780992613516, 0.5559126076584882],
 [-30.0, -20.752337128999162],
 [-24.48596568142061, -2.361275107262012],
 [-9.705719226063561, 30.0],
 [-14.025502294470801, 14.759745793410923],
 [-30.0, -0.6966618926430059],
 [-10.640835875621953, -24.7371840770545],
 [-17.04430690012405, -6.939000653784804],
 [7.349658342129253, 6.637976139922898],
 [-30.0, -10.182812177011277],
 [-16.383207326557475, -3.508582751638392],
 [-30.0, 1.4891981711234514],
 [-30.0, -2.6335238476701575],
 [-12.838003129270488, 30.0],
 [-18.604921827887857, -23.927759334589418],
 [-22.051243100921806, -1.1860310560131033],
 [-24.954127132978858, -7.879836561944412],
 [-27.059663793216444, -5.325876984828282],
 [-30.0, -20.306562134848512],
 [-9.307879226962136, -5.4607354549856755],
 [-30.0, -11.108484806999755],
 [-30.0, 6.149508882836007],
 [-30.0, -6.707951750200108],
 [-30.0, 5.394532366437623],
 [-26.659478866384617, -9.304986178411863],
 [-12.745687988443608, -5.05138978021321],
 [-30.0, 0.5488371956106324],
 [-30.0, -4.787148271542142]]
最小値:80.64965376543876
入力値:[-24.95412713  -7.87983656]
経過時間:212.50780177116394sec
num_evaluation of BBF = 50.0w=0.85w=0.8w=0.75w=0.7w=0.65w=0.6000000000000001w=0.55w=0.5w=0.45w=0.4
position_history=[[28.0217903408206, 2.8339349505433375],
 [11.863729475836251, -17.03463026517742],
 [-14.821058256993362, -3.9125080557332517],
 [21.77959413595333, 29.004040630518766],
 [-29.4608341399467, -6.805723041382237],
 [-3.831201187212141, 26.938638406893766],
 [-19.61007471024311, -25.50308477921358],
 [14.002810050634196, -5.493368390879116],
 [1.3017673466974813, -23.50839702676616],
 [1.4642448041084037, 8.256614647559616],
 [-3.3561178284464788, -3.5814991472481914],
 [-16.932888299741936, -1.473201014809245],
 [-14.346107289943983, -4.426443428912822],
 [-30.0, 0.7413238650012062],
 [-3.7475005459137627, -3.686920225682995],
 [-21.927090739319684, -25.565227062141396],
 [-13.718172865044533, -15.468557812439798],
 [-15.622993331680714, -2.841197471622814],
 [-3.4449648279287644, 0.6542580867354282],
 [-0.2839991825906705, 5.838503024050991],
 [-1.0540964928880463, 1.4471790876808637],
 [-30.0, 10.975942385485295],
 [-16.485700958382562, 0.4289666456623884],
 [-30.0, -23.608496915342414],
 [-21.887056655933783, -2.090058537511686],
 [-11.45341131387558, 30.0],
 [-13.368212266191687, 15.680033255018596],
 [-30.0, -0.38015761932648573],
 [-11.054837716744231, -22.422152283731698],
 [-17.182366334381832, -7.253553651831456],
 [-11.894572678684408, 8.70412265408277],
 [-30.0, 20.312799935706202],
 [-28.238373302342524, 4.0303311041563346],
 [-30.0, 0.46598830815228],
 [-30.0, 16.813990419252292],
 [-30.0, 30.0],
 [-30.0, 4.203490617495699],
 [-30.0, 19.73936843578393],
 [-30.0, 6.241098410098868],
 [-30.0, 13.569949433961156],
 [-30.0, 30.0],
 [-30.0, 28.60993762387497],
 [-24.63140564959528, 26.02772459973345],
 [-30.0, 30.0],
 [-30.0, 30.0],
 [-30.0, 30.0],
 [-27.343546205654327, 9.994761752909671],
 [-30.0, 30.0],
 [-30.0, 26.13698431486143],
 [-30.0, 29.869417010499397],
 [-30.0, 30.0],
 [-30.0, 30.0],
 [-30.0, 30.0],
 [-30.0, 30.0],
 [-30.0, 30.0],
 [-30.0, 30.0],
 [-26.572375718882494, 30.0],
 [-30.0, 30.0],
 [-30.0, 30.0],
 [-30.0, 30.0],
 [-30.0, 30.0],
 [-30.0, 30.0],
 [-30.0, 30.0],
 [-30.0, 30.0],
 [-30.0, 30.0],
 [-30.0, 30.0],
 [-29.130089411394774, 30.0],
 [-30.0, 30.0],
 [-30.0, 30.0],
 [-30.0, 30.0],
 [-30.0, 30.0],
 [-30.0, 30.0],
 [-30.0, 30.0],
 [-30.0, 30.0],
 [-30.0, 30.0],
 [-30.0, 30.0],
 [-30.0, 30.0],
 [-30.0, 30.0],
 [-30.0, 30.0],
 [-30.0, 30.0],
 [-30.0, 30.0],
 [-30.0, 30.0],
 [-30.0, 30.0],
 [-30.0, 30.0],
 [-30.0, 30.0],
 [-30.0, 30.0],
 [-30.0, 30.0],
 [-30.0, 30.0],
 [-30.0, 30.0],
 [-30.0, 30.0],
 [-30.0, 30.0],
 [-30.0, 30.0],
 [-30.0, 30.0],
 [-30.0, 30.0],
 [-30.0, 30.0],
 [-30.0, 30.0],
 [-30.0, 30.0],
 [-30.0, 30.0],
 [-30.0, 30.0],
 [-30.0, 30.0]]
最小値:76.48264819539527
入力値:[-30.  30.]
経過時間:423.58961033821106sec
num_evaluation of BBF = 100.0w=0.8666666666666667w=0.8333333333333334w=0.8w=0.7666666666666667w=0.7333333333333334w=0.7w=0.6666666666666667w=0.6333333333333333w=0.6000000000000001w=0.5666666666666667w=0.5333333333333334w=0.5w=0.4666666666666667w=0.43333333333333335w=0.4
position_history=[[28.0217903408206, 2.8339349505433375],
 [11.863729475836251, -17.03463026517742],
 [-14.821058256993362, -3.9125080557332517],
 [21.77959413595333, 29.004040630518766],
 [-29.4608341399467, -6.805723041382237],
 [-3.831201187212141, 26.938638406893766],
 [-19.61007471024311, -25.50308477921358],
 [14.002810050634196, -5.493368390879116],
 [1.3017673466974813, -23.50839702676616],
 [1.4642448041084037, 8.256614647559616],
 [-3.340361683114317, -3.574338614125713],
 [-16.917012484582727, -1.4896600063024241],
 [-14.33679452588419, -4.436520593092813],
 [-30.0, 0.7445683297989696],
 [-3.7626952106493796, -3.6716984600925207],
 [-21.917547206455183, -25.55301741885534],
 [-13.71481477433194, -15.47962540631585],
 [-15.622063037566786, -2.826611752157783],
 [-3.4563573810226043, 0.6557648417922017],
 [-0.2872826678043281, 5.843496527684969],
 [-2.092558820682626, 1.1992326225639456],
 [-30.0, 11.464481876093405],
 [-16.46043257843094, 0.3853077031063581],
 [-30.0, -24.560117582150458],
 [-21.022779602736254, -1.99762344551618],
 [-12.034702872097649, 30.0],
 [-13.148667844670303, 15.98532006303768],
 [-30.0, -0.27271143229230876],
 [-11.194357337530835, -21.650274118616526],
 [-17.22882394382958, -7.3577388506958075],
 [-10.076332830235003, 9.04915266458818],
 [-30.0, 21.82779538201007],
 [-28.356656286663714, 4.550797478908836],
 [-30.0, -0.7901215341967891],
 [-30.0, 20.383745170198647],
 [-30.0, 30.0],
 [-30.0, 6.423270771992247],
 [-30.0, 20.654625602747036],
 [-30.0, 3.0031327924887563],
 [-30.0, 13.720148413753215],
 [-28.449159309108815, 30.0],
 [-30.0, 14.521115715698201],
 [-25.302298384545036, 25.666631648169655],
 [-30.0, 30.0],
 [-30.0, 30.0],
 [-30.0, 30.0],
 [-29.19283575093062, 6.926555262658251],
 [-30.0, 30.0],
 [-30.0, 30.0],
 [-30.0, 30.0],
 [-30.0, 30.0],
 [-30.0, 26.59685147602392],
 [-30.0, 30.0],
 [-30.0, 30.0],
 [-30.0, 30.0],
 [-30.0, 30.0],
 [-13.977647229443164, -2.1085142838192894],
 [-30.0, 30.0],
 [-30.0, 30.0],
 [-30.0, 30.0],
 [-30.0, 30.0],
 [-30.0, 30.0],
 [-30.0, 30.0],
 [-30.0, 30.0],
 [-30.0, 30.0],
 [-30.0, 30.0],
 [-17.00324236008939, 29.10569327918246],
 [-30.0, 30.0],
 [-30.0, 30.0],
 [-30.0, 30.0],
 [-30.0, 30.0],
 [-30.0, 30.0],
 [-30.0, 30.0],
 [-30.0, 30.0],
 [-30.0, 30.0],
 [-30.0, 30.0],
 [-19.49353181710301, 0.40191302079267643],
 [-30.0, 30.0],
 [-30.0, 30.0],
 [-30.0, 30.0],
 [-30.0, 30.0],
 [-30.0, 30.0],
 [-30.0, 30.0],
 [-30.0, 30.0],
 [-30.0, 30.0],
 [-30.0, 30.0],
 [-24.174893435667336, -14.128941244541279],
 [-30.0, 30.0],
 [-30.0, 30.0],
 [-30.0, 30.0],
 [-30.0, 30.0],
 [-30.0, 30.0],
 [-30.0, 30.0],
 [-30.0, 30.0],
 [-30.0, 30.0],
 [-30.0, 30.0],
 [-30.0, 30.0],
 [-30.0, 30.0],
 [-30.0, 30.0],
 [-30.0, 30.0],
 [-30.0, 30.0],
 [-30.0, 30.0],
 [-30.0, 30.0],
 [-30.0, 30.0],
 [-30.0, 30.0],
 [-30.0, 30.0],
 [-30.0, 30.0],
 [-30.0, 30.0],
 [-30.0, 30.0],
 [-30.0, 30.0],
 [-30.0, 30.0],
 [-30.0, 30.0],
 [-30.0, 30.0],
 [-30.0, 30.0],
 [-30.0, 30.0],
 [-30.0, 30.0],
 [-30.0, 30.0],
 [-30.0, 30.0],
 [-30.0, 30.0],
 [-30.0, 30.0],
 [-30.0, 30.0],
 [-30.0, 30.0],
 [-30.0, 30.0],
 [-30.0, 30.0],
 [-30.0, 30.0],
 [-30.0, 30.0],
 [-30.0, 30.0],
 [-30.0, 30.0],
 [-30.0, 30.0],
 [-30.0, 30.0],
 [-30.0, 30.0],
 [-30.0, 30.0],
 [-30.0, 30.0],
 [-30.0, 30.0],
 [-30.0, 30.0],
 [-30.0, 30.0],
 [-30.0, 30.0],
 [-30.0, 30.0],
 [-30.0, 30.0],
 [-30.0, 30.0],
 [-30.0, 30.0],
 [-30.0, 30.0],
 [-30.0, 30.0],
 [-30.0, 30.0],
 [-30.0, 30.0],
 [-30.0, 30.0],
 [-30.0, 30.0],
 [-30.0, 30.0],
 [-30.0, 30.0],
 [-30.0, 30.0]]
最小値:76.48264819539527
入力値:[-30.  30.]
経過時間:646.683340549469sec
num_evaluation of BBF = 150.0w=0.875w=0.85w=0.8250000000000001w=0.8w=0.775w=0.75w=0.7250000000000001w=0.7w=0.675w=0.65w=0.625w=0.6000000000000001w=0.575w=0.55w=0.525w=0.5w=0.47500000000000003w=0.45w=0.42500000000000004w=0.4
position_history=[[28.0217903408206, 2.8339349505433375],
 [11.863729475836251, -17.03463026517742],
 [-14.821058256993362, -3.9125080557332517],
 [21.77959413595333, 29.004040630518766],
 [-29.4608341399467, -6.805723041382237],
 [-3.831201187212141, 26.938638406893766],
 [-19.61007471024311, -25.50308477921358],
 [14.002810050634196, -5.493368390879116],
 [1.3017673466974813, -23.50839702676616],
 [1.4642448041084037, 8.256614647559616],
 [-3.3324836104482323, -3.570758347564473],
 [-16.909074577003125, -1.4978895020490146],
 [-14.332138143854296, -4.4415591751828085],
 [-30.0, 0.7461905621978495],
 [-3.770292543017188, -3.664087577297283],
 [-21.912775440022934, -25.546912597212312],
 [-13.713135728975644, -15.485159203253877],
 [-15.621597890509818, -2.819318892425267],
 [-3.462053657569525, 0.6565182193205885],
 [-0.2889244104111568, 5.845993279501958],
 [-2.6113960809466104, 1.0754384033335471],
 [-30.0, 11.70834014661013],
 [-16.447565569353635, 0.3632263027238416],
 [-30.0, -25.035846803934536],
 [-20.591020942755883, -1.9510253553786663],
 [-12.32511006288707, 30.0],
 [-13.0388116816418, 16.137686777200322],
 [-30.0, -0.21862369578859386],
 [-11.264401961751485, -21.26429736718252],
 [-17.252134835683798, -7.409706612537132],
 [-9.207387057318419, 9.212029210759049],
 [-30.0, 22.603479606753925],
 [-28.41522912454684, 4.80956048661006],
 [-30.0, -1.4540518663419526],
 [-30.0, 20.812689522702012],
 [-29.88311002902921, 30.0],
 [-30.0, 7.544478750918465],
 [-30.0, 21.115009428945296],
 [-30.0, 2.3133778379904832],
 [-30.0, 13.790480026200957],
 [-28.7134830073403, 30.0],
 [-30.0, 30.0],
 [-25.439016452515258, 25.516236710027787],
 [-30.0, 30.0],
 [-30.0, 30.0],
 [-30.0, 30.0],
 [-29.903999480112933, 5.478294966895518],
 [-30.0, 30.0],
 [-30.0, 30.0],
 [-30.0, 30.0],
 [-30.0, 30.0],
 [-30.0, 30.0],
 [-23.13245163169078, 30.0],
 [-30.0, 30.0],
 [-30.0, 30.0],
 [-30.0, 30.0],
 [-12.623095020207376, -6.2762206368439735],
 [-30.0, 30.0],
 [-28.897784330455018, 30.0],
 [-30.0, 30.0],
 [-30.0, 30.0],
 [-30.0, 24.213216573064123],
 [-28.197567567666123, 30.0],
 [-30.0, 30.0],
 [-30.0, 30.0],
 [-26.095155627691, 30.0],
 [-12.791534269328434, 23.681749595805922],
 [-30.0, 30.0],
 [-26.041200245352293, 30.0],
 [-30.0, 30.0],
 [-30.0, 30.0],
 [-30.0, 30.0],
 [-24.10688098465519, 28.990703447271912],
 [-30.0, 30.0],
 [-26.603496617286908, 30.0],
 [-25.737721234492696, 30.0],
 [-16.673725548313087, 3.5755020475231944],
 [-24.263993784149985, 30.0],
 [-23.26435854406078, 30.0],
 [-29.051347621509294, 30.0],
 [-28.38057810104289, 30.0],
 [-26.717601640159828, 27.119575177681277],
 [-25.87914586789426, 22.05431429884917],
 [-30.0, 30.0],
 [-29.86978121947464, 28.247621117061023],
 [-27.282401114266296, 28.952013074727468],
 [-20.479314583358974, -30.0],
 [-28.75363282740792, 30.0],
 [-30.0, 30.0],
 [-24.851283003979365, 24.598683969713086],
 [-25.35319272684646, 25.242123951372825],
 [-27.751916144581248, 23.732952981143967],
 [-25.31799502693837, 25.43854809656703],
 [-23.785610731770827, 24.63006229820127],
 [-23.41754131503379, 27.546524948190612],
 [-28.61838316359091, 28.94416801156676],
 [-23.544702752565573, 27.809764072351868],
 [-25.842495586462718, 21.63097276124996],
 [-27.678648073998243, 23.987116380177206],
 [-22.016239387146662, 20.95279564926942],
 [-22.908651203091132, 21.992971483644354],
 [-25.12975310366651, 29.463539636591143],
 [-24.299096660011408, 27.323027302897984],
 [-25.333233703032064, 22.404522730829097],
 [-27.42849911124818, 25.883287168778597],
 [-26.993206358713582, 23.103575444527827],
 [-24.206926377657624, 30.0],
 [-26.017184095207142, 22.534670017230987],
 [-23.021579890013417, 30.0],
 [-25.696403413517775, 25.768760287108787],
 [-24.9797356629946, 25.89384504060973],
 [-24.962629170896584, 28.889208018308096],
 [-25.978112388472063, 23.480770003678174],
 [-30.0, 28.115599878752505],
 [-28.02224799915871, 22.659436550186566],
 [-27.885319822039776, 25.062154795917895],
 [-4.4687530437213425, -1.2365779612873595],
 [-26.003518530104728, 30.0],
 [-28.584373002574033, 26.27260548498181],
 [-25.726145539728524, 25.45418760804522],
 [-26.13624943022657, 25.40403378801836],
 [-30.0, 21.66177906413547],
 [-24.60133566811382, 23.53295930523336],
 [-30.0, 30.0],
 [-25.515865010314478, 30.0],
 [-27.251217394502866, 27.20010780327306],
 [-30.0, -18.814120458909777],
 [-27.185676988858578, 30.0],
 [-30.0, 28.18304210715926],
 [-24.359794914969207, 23.90338891385276],
 [-23.675453095122734, 24.712195867336305],
 [-25.769425981035784, 30.0],
 [-24.417853413714333, 25.6257623034483],
 [-22.926024379907872, 23.048355682376357],
 [-24.373789350809457, 30.0],
 [-29.360732977889455, 30.0],
 [-30.0, 27.91987538515974],
 [-28.602437879996483, 22.14498667942926],
 [-30.0, 24.872786999077686],
 [-24.500053530368543, 24.466257885942817],
 [-24.336797025805534, 24.113483988153146],
 [-26.752613960560332, 29.391319985697614],
 [-26.178151492768926, 26.229232999030167],
 [-29.68804541797433, 23.30393745639672],
 [-30.0, 24.369608148958477],
 [-30.0, 30.0],
 [-30.0, 30.0],
 [-27.29140170411187, 27.06554315173375],
 [-30.0, 30.0],
 [-24.577195768838177, 24.77583582059235],
 [-24.781307743751547, 24.325010512889065],
 [-25.973877953356457, 25.914729081349307],
 [-25.300115224880727, 23.04193764555319],
 [-29.958945934172668, 27.431015192894186],
 [-30.0, 23.719323423168632],
 [-30.0, 29.769053671373268],
 [-27.3420889077668, 30.0],
 [-22.974674710290003, 30.0],
 [-29.970750986417258, 30.0],
 [-24.48939038095836, 24.913875405193593],
 [-24.625640426515478, 24.46521372422286],
 [-29.788847204983938, 28.631374195248267],
 [-23.94439031791723, 22.014374673064683],
 [-20.716086577908158, 29.244361196910624],
 [-25.937495611805183, 28.78637100098842],
 [-29.5230267324212, 22.3812939868686],
 [-26.594931166647832, 21.33085416964807],
 [-24.59267290858406, 29.481070700626532],
 [-20.824591266633014, 25.60509531838139],
 [-24.476088426773906, 23.916028502106908],
 [-24.509468518320567, 24.532385194083464],
 [-22.005436842482226, 30.0],
 [-24.071601826976696, 29.301532546745882],
 [-20.20338282491144, 30.0],
 [-25.32875304749815, 25.809061591326486],
 [-28.477334603128067, 26.502943530457745],
 [-25.298896179256616, 30.0],
 [-30.0, 25.54837440756262],
 [-30.0, 26.064037642207598],
 [-24.539420912588792, 24.24397222506469],
 [-24.510028246558065, 24.36856193045119],
 [-30.0, 22.46436201787772],
 [-25.60349634114221, 22.758952717544894],
 [-30.0, 26.407995225419914],
 [-30.0, 26.186290179965756],
 [-21.585470487406624, 30.0],
 [-23.967321838085667, 28.638281719529388],
 [-30.0, 27.09202563584639],
 [-30.0, 29.648041800355212],
 [-24.49387103641952, 24.811556183596437],
 [-24.510266131059, 24.298937043407474],
 [-30.0, 30.0],
 [-24.904901300688493, 22.44791552236497],
 [-30.0, 24.56653337550265],
 [-24.302400184837946, 27.60521747046635],
 [-30.0, 29.07540432785286],
 [-26.637741132557753, 27.495956770794315],
 [-20.768109978735783, 25.5513432390731],
 [-24.541211236330867, 21.571821608661836],
 [-24.491835566683342, 24.57306566217448]]
最小値:75.62863631340282
入力値:[-24.51002825  24.36856193]
経過時間:854.9510545730591sec
num_evaluation of BBF = 200.0w=0.65w=0.4
position_history=[[-16.68040973461563, 22.24393837064258],
 [-0.6953286723102501, 6.704631774158742],
 [-12.191969905426681, -18.736726280324902],
 [-3.5214466262428132, -20.501407937240927],
 [-5.14589885513692, -12.235204035981123],
 [-8.440871026136346, 10.463426637633292],
 [-5.777076378715021, -3.5234580463118412],
 [-0.6009855598873663, -21.177944076122923],
 [-3.0275284856811506, -20.795095536651036],
 [-4.136691237611339, -25.398620650152274]]
最小値:81.86902580893272
入力値:[ -0.60098556 -21.17794408]
経過時間:42.54555940628052sec
num_evaluation of BBF = 10.0w=0.7333333333333334w=0.5666666666666667w=0.4
position_history=[[-16.68040973461563, 22.24393837064258],
 [-0.6953286723102501, 6.704631774158742],
 [-12.191969905426681, -18.736726280324902],
 [-3.5214466262428132, -20.501407937240927],
 [-5.14589885513692, -12.235204035981123],
 [5.995751797499253, -14.050852947869565],
 [-10.346163138675955, -21.350141960794772],
 [27.613602917141627, -18.695120664243888],
 [11.99061684759345, 16.770875133331785],
 [-29.901469637037284, 0.9283567143236091],
 [-17.052281491394094, -17.278985040985795],
 [-4.90473841201862, -23.002189545744187],
 [-12.302057730202714, -18.692394436250552],
 [-2.964205647147604, -20.832747792985664],
 [-2.892798313515261, -25.540810007871805],
 [-10.019816821112933, -15.627576720852362],
 [-3.3791159229298025, -19.318283688571345],
 [4.157582385629919, -20.010958164010926],
 [-8.52970359577144, -19.896630312565946],
 [20.08478143832625, -3.1464790173754693],
 [-17.263008820235225, -30.0],
 [-16.316001596310198, -30.0],
 [-16.71958929394531, -16.27438501966479],
 [-25.202780813123635, -20.875574802192407],
 [-29.51409716969599, -19.838575047041516],
 [-25.458544803747692, -18.842742314991625],
 [-24.629961730326293, -14.277422533059198],
 [-23.143415620238, -20.304520319950747],
 [-30.0, -30.0],
 [-30.0, -19.098543441132655]]
最小値:80.94546001477786
入力値:[-17.05228149 -17.27898504]
経過時間:126.51005005836487sec
num_evaluation of BBF = 30.0w=0.8w=0.7w=0.6000000000000001w=0.5w=0.4
position_history=[[-16.68040973461563, 22.24393837064258],
 [-0.6953286723102501, 6.704631774158742],
 [-12.191969905426681, -18.736726280324902],
 [-3.5214466262428132, -20.501407937240927],
 [-5.14589885513692, -12.235204035981123],
 [5.995751797499253, -14.050852947869565],
 [-10.346163138675955, -21.350141960794772],
 [27.613602917141627, -18.695120664243888],
 [11.99061684759345, 16.770875133331785],
 [-29.901469637037284, 0.9283567143236091],
 [-17.091385604015503, -17.22317025326074],
 [-4.869284031154578, -22.999733814027795],
 [-12.357958894367396, -18.660602396757355],
 [-2.913547376320767, -20.86286959805337],
 [-2.87562659233133, -25.530164966513198],
 [-10.04852537036075, -15.66043162674919],
 [-3.423700874769634, -19.25642628469562],
 [4.094156593847185, -20.050350757826934],
 [-8.593312516779562, -19.88627526481531],
 [20.103420795143695, -3.0817290970015776],
 [-17.379068712595416, -30.0],
 [-16.872382622621835, -30.0],
 [-17.002516800775076, -16.163738438495656],
 [-25.1860682983467, -20.96745578706777],
 [-29.29537062753906, -21.522161065251275],
 [-27.652164784183466, -18.98416617418998],
 [-23.766715655654792, -13.912875356365365],
 [-26.362644243197924, -20.531178084377775],
 [-30.0, -30.0],
 [-30.0, -19.642620157559065],
 [-16.895159315509773, -19.555645854122485],
 [-18.480645010234472, -18.582719794327737],
 [-19.933782527835348, -15.225505144878987],
 [-30.0, -14.930466531517954],
 [-16.267532390827462, -13.716422677094853],
 [-16.200571775847145, -11.499028352243776],
 [-1.7180921372761624, -18.30551799730006],
 [26.22632294310181, -17.588068190781808],
 [-19.022019582330806, -23.51230406363165],
 [-30.0, 9.159004786997151],
 [-17.278819816468655, -8.193511568835337],
 [-4.085191162879589, -12.703853414270991],
 [-15.726025062482954, -18.321227273293687],
 [-2.1879876776126324, -17.884205752740222],
 [-9.975005250325843, -11.930830166021499],
 [-10.005562178396593, -17.28494098888921],
 [-10.96699103773094, -20.17810483036712],
 [-30.0, -18.707597477429466],
 [-3.7985866883032013, -10.741249694877062],
 [-30.0, 22.88189698591288]]
最小値:79.754047669489
入力値:[-30.          22.88189699]
経過時間:212.83419632911682sec
num_evaluation of BBF = 50.0w=0.85w=0.8w=0.75w=0.7w=0.65w=0.6000000000000001w=0.55w=0.5w=0.45w=0.4
position_history=[[-16.68040973461563, 22.24393837064258],
 [-0.6953286723102501, 6.704631774158742],
 [-12.191969905426681, -18.736726280324902],
 [-3.5214466262428132, -20.501407937240927],
 [-5.14589885513692, -12.235204035981123],
 [5.995751797499253, -14.050852947869565],
 [-10.346163138675955, -21.350141960794772],
 [27.613602917141627, -18.695120664243888],
 [11.99061684759345, 16.770875133331785],
 [-29.901469637037284, 0.9283567143236091],
 [-17.120713688481562, -17.181309162466945],
 [-4.842693245506547, -22.9978920152405],
 [-12.39988476749091, -18.63675836713746],
 [-2.8755536732006393, -20.885460951854146],
 [-2.8627478014433816, -25.522181185494244],
 [-10.070056782296614, -15.685072806171812],
 [-3.4571395886495067, -19.210033231788827],
 [4.046587250010134, -20.079895203188936],
 [-8.641019207535653, -19.878508979002333],
 [20.117400312756782, -3.033166656721159],
 [-17.472956851574306, -30.0],
 [-17.283463875704356, -30.0],
 [-17.082530242925962, -16.0825785123429],
 [-25.164668714869308, -21.04163784161114],
 [-29.128320669714178, -22.78298769667083],
 [-29.30240376562867, -19.09598367712068],
 [-23.12708346622314, -13.628639928166734],
 [-28.788165223979846, -20.70806511161585],
 [-30.0, -30.0],
 [-30.0, -20.039346458813434],
 [-16.933287990840892, -26.546080588786047],
 [-20.533066492473715, -23.837565061949505],
 [-20.656613654629407, -14.747597223340513],
 [-30.0, -14.846574462376553],
 [-20.320266575540863, -12.720847922092588],
 [-19.599120867215586, -11.718703273154382],
 [-5.4984513891554485, -17.504923054072677],
 [24.924509242428663, -17.709050144463816],
 [-25.071788243584866, -29.236155293236823],
 [-30.0, 7.019435249909726],
 [-17.15307665042852, 0.5232802934862981],
 [-3.099098512887089, -9.203857479871163],
 [-16.210258685903803, -18.537486164040892],
 [-6.3615200441172135, -16.59030175440787],
 [-13.294821002887415, -8.370452555777234],
 [-9.440240374440963, -13.124386469738315],
 [-5.9132885214654, -19.802574773285272],
 [-17.311555054394766, -17.891165500956973],
 [-0.34875203447846204, -6.697073746902994],
 [-30.0, 24.470543124757274],
 [-24.432113882648352, 30.0],
 [-27.44164029158614, -10.318743878451315],
 [-27.048312396398934, 30.0],
 [-21.3230124088743, 30.0],
 [-23.553621268020244, 30.0],
 [-30.0, -3.295269423456233],
 [-12.963885069896932, 15.632842590015876],
 [-30.0, 30.0],
 [-29.527175275077983, 30.0],
 [-30.0, 30.0],
 [-25.36256226700432, -26.091111704324398],
 [-23.281711834647684, 30.0],
 [-30.0, 30.0],
 [-23.727247145396326, -4.8209479443154635],
 [-30.0, 20.4661693291985],
 [-30.0, 7.327438551205912],
 [-30.0, 30.0],
 [-30.0, 30.0],
 [-30.0, 30.0],
 [-30.0, 30.0],
 [-23.227485288265793, -2.076672291926492],
 [2.9119849525147465, 17.944937500595948],
 [-30.0, 30.0],
 [-1.907658003925004, -18.080657954462584],
 [-30.0, 30.0],
 [-30.0, 11.279115907524524],
 [-30.0, 30.0],
 [-30.0, 30.0],
 [-30.0, 30.0],
 [-30.0, 30.0],
 [-29.132171656370776, 30.0],
 [-30.0, 11.347817316295357],
 [-30.0, 30.0],
 [-25.45767906454493, -13.969643235493631],
 [-30.0, 30.0],
 [-30.0, 30.0],
 [-30.0, 30.0],
 [-30.0, 30.0],
 [-30.0, 30.0],
 [-30.0, 30.0],
 [-30.0, 30.0],
 [-30.0, 14.828183994072521],
 [-30.0, 30.0],
 [-5.67984714903379, 30.0],
 [-30.0, 30.0],
 [-30.0, 30.0],
 [-30.0, 30.0],
 [-30.0, 30.0],
 [-30.0, 30.0],
 [-30.0, 30.0]]
最小値:76.48264819539527
入力値:[-30.  30.]
経過時間:431.03402853012085sec
num_evaluation of BBF = 100.0w=0.8666666666666667w=0.8333333333333334w=0.8w=0.7666666666666667w=0.7333333333333334w=0.7w=0.6666666666666667w=0.6333333333333333w=0.6000000000000001w=0.5666666666666667w=0.5333333333333334w=0.5w=0.4666666666666667w=0.43333333333333335w=0.4
position_history=[[-16.68040973461563, 22.24393837064258],
 [-0.6953286723102501, 6.704631774158742],
 [-12.191969905426681, -18.736726280324902],
 [-3.5214466262428132, -20.501407937240927],
 [-5.14589885513692, -12.235204035981123],
 [5.995751797499253, -14.050852947869565],
 [-10.346163138675955, -21.350141960794772],
 [27.613602917141627, -18.695120664243888],
 [11.99061684759345, 16.770875133331785],
 [-29.901469637037284, 0.9283567143236091],
 [-17.130489716636912, -17.167355465535678],
 [-4.833829650290536, -22.997278082311404],
 [-12.41386005853208, -18.62881035726416],
 [-2.86288910549393, -20.89299140312107],
 [-2.8584548711473987, -25.519519925154594],
 [-10.077233919608567, -15.693286532646018],
 [-3.468285826609465, -19.194568880819894],
 [4.030730802064447, -20.089743351642937],
 [-8.656921437787684, -19.875920217064674],
 [20.12206015196114, -3.016979176627686],
 [-17.505556368321315, -30.0],
 [-17.419309147369727, -30.0],
 [-17.111064762448407, -16.054465468975536],
 [-25.155846911349276, -21.067369253294522],
 [-29.072064959733083, -23.202908405765392],
 [-29.853440377751994, -19.134351341627475],
 [-22.915358901473915, -13.531832871971332],
 [-29.598786410633245, -20.76834054048907],
 [-30.0, -30.0],
 [-30.0, -20.169430228552425],
 [-16.94967316052129, -29.13561857198491],
 [-21.24568369355662, -25.78697953761761],
 [-20.900420126069083, -14.583126045811836],
 [-30.0, -14.821748832046003],
 [-21.660997075533004, -12.47365199374546],
 [-20.84103108449965, -11.795594070414127],
 [-6.712223446201261, -17.222457325484754],
 [24.334863342407125, -17.76003984217901],
 [-27.227656346930026, -30.0],
 [-30.0, 6.274785394789763],
 [-17.099981411138415, 3.0320650991881486],
 [-2.9048253137794866, -8.474072315312412],
 [-16.42967638466804, -18.578551421512458],
 [-8.05154775572089, -16.1447240923789],
 [5.623648941820925, -14.002133932373367],
 [-8.891246425589987, -12.62973590889046],
 [-5.723370858919516, -19.98114676437841],
 [-12.634386539532152, -17.605848693042976],
 [0.28462141898504, -7.383561594485936],
 [-30.0, 25.184274316673143],
 [-24.396747799983707, 30.0],
 [-25.591466154491336, -7.540098263005138],
 [-27.878876156676533, 30.0],
 [-20.11433396278413, 30.0],
 [4.031142999053049, 30.0],
 [-30.0, -1.186173621132541],
 [-14.117377795474656, 15.828477007968168],
 [-30.0, 30.0],
 [-26.305084121112607, 30.0],
 [-30.0, 30.0],
 [-26.10071976690958, -19.744789259338475],
 [-30.0, 30.0],
 [-30.0, 30.0],
 [-27.38543318723662, 4.458125392860708],
 [-30.0, 16.316676881047634],
 [-30.0, 9.470718973107282],
 [-30.0, 30.0],
 [-30.0, 30.0],
 [-30.0, 30.0],
 [-30.0, 30.0],
 [-24.168541090744824, -7.7725064665971],
 [-30.0, 30.0],
 [-30.0, 30.0],
 [-5.306745933533822, -28.128355016569344],
 [-30.0, 30.0],
 [-30.0, 12.483997840842019],
 [-30.0, 30.0],
 [-30.0, 30.0],
 [-30.0, 30.0],
 [-30.0, 30.0],
 [-30.0, 30.0],
 [-30.0, 30.0],
 [-30.0, 30.0],
 [-19.713923266097044, -26.37989182968923],
 [-30.0, 30.0],
 [-30.0, 30.0],
 [-30.0, 30.0],
 [-30.0, 30.0],
 [-30.0, 30.0],
 [-30.0, 30.0],
 [-30.0, 30.0],
 [-30.0, 30.0],
 [-30.0, 30.0],
 [-16.140899841270958, 30.0],
 [-30.0, 30.0],
 [-30.0, 30.0],
 [-30.0, 30.0],
 [-30.0, 30.0],
 [-30.0, 30.0],
 [-30.0, 30.0],
 [-30.0, 30.0],
 [-30.0, 30.0],
 [-30.0, 30.0],
 [-25.20092816155711, 30.0],
 [-30.0, 30.0],
 [-30.0, 30.0],
 [-30.0, 30.0],
 [-30.0, 30.0],
 [-30.0, 30.0],
 [-30.0, 30.0],
 [-30.0, 30.0],
 [-30.0, 30.0],
 [-30.0, 30.0],
 [-5.085670628254668, 28.778478186236704],
 [-30.0, 30.0],
 [-30.0, 30.0],
 [-30.0, 30.0],
 [-30.0, 30.0],
 [-30.0, 30.0],
 [-30.0, 30.0],
 [-30.0, 30.0],
 [-30.0, 30.0],
 [-30.0, 30.0],
 [-20.00784620967928, -30.0],
 [-30.0, 30.0],
 [-30.0, 30.0],
 [-30.0, 30.0],
 [-30.0, 30.0],
 [-30.0, 30.0],
 [-30.0, 30.0],
 [-30.0, 30.0],
 [-30.0, 30.0],
 [-30.0, 30.0],
 [-16.301456245238093, 18.717444581181127],
 [-30.0, 30.0],
 [-30.0, 30.0],
 [-30.0, 30.0],
 [-30.0, 30.0],
 [-30.0, 30.0],
 [-30.0, 30.0],
 [-30.0, 30.0],
 [-30.0, 30.0],
 [-30.0, 30.0],
 [-15.39401190697898, 8.553244482674778],
 [-30.0, 30.0],
 [-30.0, 30.0],
 [-30.0, 30.0],
 [-30.0, 30.0],
 [-30.0, 30.0],
 [-30.0, 30.0]]
最小値:76.48264819539527
入力値:[-30.  30.]
経過時間:637.0484392642975sec
num_evaluation of BBF = 150.0w=0.875w=0.85w=0.8250000000000001w=0.8w=0.775w=0.75w=0.7250000000000001w=0.7w=0.675w=0.65w=0.625w=0.6000000000000001w=0.575w=0.55w=0.525w=0.5w=0.47500000000000003w=0.45w=0.42500000000000004w=0.4
position_history=[[-16.68040973461563, 22.24393837064258],
 [-0.6953286723102501, 6.704631774158742],
 [-12.191969905426681, -18.736726280324902],
 [-3.5214466262428132, -20.501407937240927],
 [-5.14589885513692, -12.235204035981123],
 [5.995751797499253, -14.050852947869565],
 [-10.346163138675955, -21.350141960794772],
 [27.613602917141627, -18.695120664243888],
 [11.99061684759345, 16.770875133331785],
 [-29.901469637037284, 0.9283567143236091],
 [-17.13537773071459, -17.16037861707005],
 [-4.829397852682531, -22.996971115846854],
 [-12.420847704052665, -18.62483635232751],
 [-2.8565568216405754, -20.896756628754535],
 [-2.8563084059994073, -25.518189294984765],
 [-10.080822488264545, -15.697393395883122],
 [-3.473858945589444, -19.18683670533543],
 [4.022802578091607, -20.09466742586994],
 [-8.6648725529137, -19.874625836095845],
 [20.124390071563322, -3.0088854365809494],
 [-17.522100527398706, -30.0],
 [-17.487010193322014, -30.0],
 [-17.12568140448567, -16.040210247045035],
 [-25.1511193953966, -21.080423220417888],
 [-29.04382978148514, -23.412802228804193],
 [-30.0, -19.153740517042735],
 [-22.809775275048302, -13.483042735099417],
 [-30.0, -20.798724458637036],
 [-30.0, -30.0],
 [-30.0, -20.234067426419593],
 [-16.95860991262675, -30.0],
 [-21.60728181893808, -26.798770707040354],
 [-21.02293874077134, -14.49987664880151],
 [-30.0, -14.809966824303476],
 [-22.3294292600001, -12.365913245605052],
 [-21.52100906639178, -11.834773013184709],
 [-7.310481979766328, -17.07821233405808],
 [24.00116322777582, -17.787589283088145],
 [-28.331794576696623, -30.0],
 [-30.0, 5.896652770038273],
 [-17.071394475752445, 3.415579288688221],
 [-2.8345815826114524, -8.202221388515511],
 [-16.55030597552968, -18.59308290430008],
 [-8.952553489429398, -15.919387266670986],
 [5.5502595089545395, -13.3999297830197],
 [-8.780526623750209, -12.384610669465026],
 [1.9585536825158592, -22.425423310000465],
 [-10.255740569430728, -17.46121073993744],
 [0.49662720861969945, -8.31813306265392],
 [-30.0, 25.500611021773153],
 [-24.37233580553767, 30.0],
 [-24.587931688634267, -5.958746785456423],
 [-27.502168830984438, 30.0],
 [-13.431656466108993, 30.0],
 [5.68972655083701, 30.0],
 [-30.0, -1.161112424417576],
 [-9.570435219049335, 13.695274578931016],
 [-30.0, 30.0],
 [-24.43755637735216, 30.0],
 [-30.0, 30.0],
 [-26.466082771773436, -16.243081859400625],
 [-25.785440386141858, 30.0],
 [-30.0, 30.0],
 [-27.045991827475966, -0.9930007501366589],
 [-30.0, 19.375891829356497],
 [-30.0, 9.8084853055368],
 [-30.0, 30.0],
 [-30.0, 30.0],
 [-30.0, 30.0],
 [-30.0, 30.0],
 [-24.70736238810733, -10.002525693802639],
 [3.5756884559630997, 24.73276495793769],
 [-30.0, 30.0],
 [-3.14371673315361, -30.0],
 [-30.0, 30.0],
 [-30.0, 13.108100767823972],
 [-30.0, 30.0],
 [-30.0, 30.0],
 [-30.0, 30.0],
 [-30.0, 30.0],
 [-26.295194068021438, 30.0],
 [-30.0, 12.62774361683661],
 [-30.0, 30.0],
 [-11.976090608559346, -30.0],
 [-30.0, 30.0],
 [-30.0, 30.0],
 [-30.0, 30.0],
 [-30.0, 30.0],
 [-30.0, 30.0],
 [-30.0, 30.0],
 [-19.404023969501548, 30.0],
 [-30.0, 10.463385060454168],
 [-30.0, 30.0],
 [-16.7992027102932, 30.0],
 [-30.0, 30.0],
 [-30.0, 30.0],
 [-30.0, 30.0],
 [-30.0, 30.0],
 [-30.0, 30.0],
 [-30.0, 30.0],
 [-30.0, -20.37944955007749],
 [-30.0, 23.1812908000213],
 [-30.0, 30.0],
 [-24.338355857216108, 30.0],
 [-30.0, 30.0],
 [-30.0, 30.0],
 [-30.0, 30.0],
 [-30.0, 30.0],
 [-30.0, 30.0],
 [-30.0, 30.0],
 [-21.925759274010034, 30.0],
 [-30.0, 30.0],
 [-30.0, 30.0],
 [2.263219611329461, 30.0],
 [-30.0, 30.0],
 [-30.0, 30.0],
 [-30.0, 30.0],
 [-30.0, 30.0],
 [-30.0, 30.0],
 [-30.0, 30.0],
 [-15.981829648412372, 30.0],
 [-30.0, 30.0],
 [-30.0, 30.0],
 [-14.774711443377427, -30.0],
 [-30.0, 30.0],
 [-30.0, 30.0],
 [-30.0, 30.0],
 [-30.0, 30.0],
 [-30.0, 30.0],
 [-30.0, 30.0],
 [-18.675334622817978, -30.0],
 [-30.0, 30.0],
 [-30.0, 30.0],
 [-15.588236297914602, -2.4124386028995133],
 [-30.0, 30.0],
 [-30.0, 30.0],
 [-30.0, 30.0],
 [-30.0, 30.0],
 [-30.0, 30.0],
 [-30.0, 30.0],
 [-26.291179765763644, -30.0],
 [-30.0, 30.0],
 [-30.0, 30.0],
 [-17.02490895683278, 30.0],
 [-30.0, 30.0],
 [-30.0, 30.0],
 [-30.0, 30.0],
 [-30.0, 30.0],
 [-30.0, 30.0],
 [-30.0, 30.0],
 [-24.866716775751833, 30.0],
 [-30.0, 30.0],
 [-30.0, 30.0],
 [-27.672153325275488, 30.0],
 [-30.0, 30.0],
 [-30.0, 30.0],
 [-30.0, 30.0],
 [-30.0, 30.0],
 [-30.0, 30.0],
 [-30.0, 30.0],
 [-30.0, 30.0],
 [-30.0, 30.0],
 [-30.0, 30.0],
 [-30.0, 30.0],
 [-30.0, 30.0],
 [-30.0, 30.0],
 [-30.0, 30.0],
 [-30.0, 30.0],
 [-30.0, 30.0],
 [-30.0, 30.0],
 [-30.0, 30.0],
 [-30.0, 30.0],
 [-30.0, 30.0],
 [-30.0, 30.0],
 [-30.0, 30.0],
 [-30.0, 30.0],
 [-30.0, 30.0],
 [-30.0, 30.0],
 [-30.0, 30.0],
 [-30.0, 30.0],
 [-30.0, 30.0],
 [-30.0, 30.0],
 [-30.0, 30.0],
 [-30.0, 30.0],
 [-30.0, 30.0],
 [-30.0, 30.0],
 [-30.0, 30.0],
 [-30.0, 30.0],
 [-30.0, 30.0],
 [-30.0, 30.0],
 [-30.0, 30.0],
 [-30.0, 30.0],
 [-30.0, 30.0],
 [-30.0, 30.0],
 [-30.0, 30.0],
 [-30.0, 30.0],
 [-30.0, 30.0],
 [-30.0, 30.0],
 [-30.0, 30.0],
 [-30.0, 30.0]]
最小値:76.48264819539527
入力値:[-30.  30.]
経過時間:845.612735748291sec
num_evaluation of BBF = 200.0