
BO_ratio_matrix = 
[[77.36470543 76.4826482  82.06934879 82.51496345 81.69784814 81.86902581]
 [76.4826482  75.88702503 76.4826482  78.3734441  81.36277024 80.94546001]
 [76.4826482  76.4826482  76.4826482  76.4826482  80.64965377 79.75404767]
 [76.4826482  76.4826482  76.4826482  76.47703613 76.4826482  76.4826482 ]
 [76.4826482  76.4826482  76.4826482  76.4826482  76.4826482  76.4826482 ]
 [76.4826482  76.4826482  76.4826482  76.4826482  75.62863631 76.4826482 ]]
RS_ratio_matrix = 
[[90.93691796 81.4070616  83.27479542 82.90340551 78.66491386 84.07846983]
 [78.89715285 79.2968287  81.20782818 80.73841374 78.37388956 79.03765623]
 [78.89715285 79.2968287  81.20782818 76.2437929  78.09164172 78.13223827]
 [77.87933326 79.2968287  80.95837583 76.2437929  77.94289209 78.07429003]
 [76.18791151 79.2968287  80.53544633 76.21948767 77.94289209 78.07429003]
 [75.90127671 78.23806456 80.53544633 76.21948767 77.93528761 78.07429003]]
Mean Accumulated PREC(%) 6 times; BBF=[ 10.  30.  50. 100. 150. 200.]
BO_vec=array([80.33308997, 78.25566596, 77.72238237, 76.48171285, 76.4826482 ,
       76.34031288])
RS_vec=array([83.5442607 , 79.59196154, 78.64491377, 78.39925213, 78.04280939,
       77.81730882])
Median Accumulated PREC(%) 6 times; BBF=[ 10.  30.  50. 100. 150. 200.]
BO_vec=array([81.78343697, 77.42804615, 76.4826482 , 76.4826482 , 76.4826482 ,
       76.4826482 ])
RS_vec=array([83.08910047, 79.16724247, 78.51469556, 78.00859106, 78.00859106,
       78.00478882])
Min Accumulated PREC(%) 6 times; BBF=[ 10.  30.  50. 100. 150. 200.]
BO_vec=array([76.4826482 , 75.88702503, 76.4826482 , 76.47703613, 76.4826482 ,
       75.62863631])
RS_vec=array([78.66491386, 78.37388956, 76.2437929 , 76.2437929 , 76.18791151,
       75.90127671])
Max Accumulated PREC(%) 6 times; BBF=[ 10.  30.  50. 100. 150. 200.]
BO_vec=array([82.51496345, 81.36277024, 80.64965377, 76.4826482 , 76.4826482 ,
       76.4826482 ])
RS_vec=array([90.93691796, 81.20782818, 81.20782818, 80.95837583, 80.53544633,
       80.53544633])