
BO_ratio_matrix = 
[[98.02909055 98.04642046 98.70857621 97.88363807 98.30022061 97.81674541
  99.17406789 98.04642046 98.01614637 98.04642046]
 [97.89643841 97.93236698 98.04642046 97.88363807 98.04642046 97.81674541
  98.04642046 98.04642046 98.01614637 98.04642046]
 [97.89643841 97.93236698 97.91494103 97.88363807 98.04642046 97.81674541
  98.04642046 97.9190679  98.01614637 97.85837301]
 [97.89643841 97.93236698 97.88239831 97.88363807 97.89827941 97.81674541
  97.909053   97.9190679  98.01614637 97.85837301]
 [97.89643841 97.93236698 97.88239831 97.88363807 97.80473398 97.81674541
  97.89030828 97.9190679  97.88287161 97.85837301]
 [97.89643841 97.93215962 97.59346046 97.86356661 97.80473398 97.81674541
  97.89030828 97.9190679  97.88287161 97.85837301]]
RS_ratio_matrix = 
[[99.03390606 98.36868034 99.03871136 98.78682959 98.77084572 98.83132314
  99.27364692 99.18029078 99.02744593 98.68088241]
 [98.74805729 98.36868034 99.03871136 98.43006284 98.77084572 98.83132314
  99.27364692 98.80908211 98.89309465 98.68088241]
 [98.74805729 98.36868034 98.79081392 98.43006284 98.77084572 98.51799316
  98.81788565 98.79762603 98.506921   98.68088241]
 [98.47230669 98.36868034 98.67309267 98.43006284 98.429619   98.37266197
  98.56135597 98.1618737  98.506921   98.51972619]
 [98.44734775 98.14350541 98.50466226 98.43006284 98.429619   98.37266197
  98.18831058 98.1618737  98.506921   98.51972619]
 [98.44734775 98.14350541 98.50466226 98.43006284 98.40990161 98.37266197
  98.18831058 98.1618737  98.43594906 98.43268483]]
Mean Accumulated PREC(%) 10 times; BBF=[ 10.  30.  50. 100. 150. 200.]
BO_vec=array([98.20677465, 97.97774376, 97.93305581, 97.90125069, 97.8766942 ,
       97.84577253])
RS_vec=array([98.89925622, 98.78443868, 98.64297684, 98.44963004, 98.37046907,
       98.352696  ])
Median Accumulated PREC(%) 10 times; BBF=[ 10.  30.  50. 100. 150. 200.]
BO_vec=array([98.04642046, 98.03128342, 97.91700447, 97.89735891, 97.88325484,
       97.87321911])
RS_vec=array([98.92938454, 98.78996392, 98.71446985, 98.45118477, 98.42984092,
       98.41998223])
Min Accumulated PREC(%) 10 times; BBF=[ 10.  30.  50. 100. 150. 200.]
BO_vec=array([97.81674541, 97.81674541, 97.81674541, 97.81674541, 97.80473398,
       97.59346046])
RS_vec=array([98.36868034, 98.36868034, 98.36868034, 98.1618737 , 98.14350541,
       98.14350541])
Max Accumulated PREC(%) 10 times; BBF=[ 10.  30.  50. 100. 150. 200.]
BO_vec=array([99.17406789, 98.04642046, 98.04642046, 98.01614637, 97.93236698,
       97.93215962])
RS_vec=array([99.27364692, 99.27364692, 98.81788565, 98.67309267, 98.51972619,
       98.50466226])