
BO_ratio_matrix = 
[[90.46283349 93.64330977 88.76796934 86.45672025 84.36484924 88.3153054
  88.3056116  87.0802079  92.73000306 89.74454631]
 [86.7963855  91.86058309 85.85916146 86.45534101 78.54401555 84.43342398
  85.05141481 88.42180643 86.6789075  84.80901582]
 [84.96669125 87.72004168 85.94981146 85.09309226 78.76826893 84.86266478
  84.81928754 86.16362699 86.56531007 84.17284755]
 [84.58036559 87.21294293 84.70994234 85.18367762 79.16629579 79.98276735
  84.31198975 85.48794215 82.85757667 75.77340203]
 [83.88800779 84.35528026 83.88790432 83.93607892 75.67959425 80.310567
  84.09045914 83.99646616 75.63495998 74.45972755]
 [83.9493593  86.59187696 84.0985965  83.92056593 77.329518   82.8390078
  83.88114124 84.05084025 74.65239356 74.47411315]]
RS_ratio_matrix = 
[[98.62743215 90.38984259 88.24746483 92.92828023 84.36484924 92.92556801
  85.02932486 88.42180643 88.34386456 88.0628119 ]
 [87.80980841 85.23739098 81.1186512  86.43891321 84.36484924 87.08363893
  84.97767291 78.70089239 85.96551902 88.4766641 ]
 [87.22497994 85.23739098 81.1186512  85.36518993 84.36484924 85.79697493
  84.97767291 78.70089239 84.18008504 88.4766641 ]
 [85.09096411 85.12698008 81.1186512  84.42932659 84.36484924 85.65769845
  83.27847591 78.70089239 84.00588923 88.4766641 ]
 [85.07267168 85.12549896 81.1186512  84.41922783 84.36484924 85.65769845
  83.27847591 78.70089239 84.00588923 87.14537821]
 [85.07267168 85.12549896 81.1186512  84.41922783 84.36484924 85.65769845
  83.27847591 78.70089239 83.98309721 86.9643434 ]]
Mean Accumulated PREC(%) 10 times; BBF=[ 10.  30.  50. 100. 150. 200.]
BO_vec=array([88.98713564, 85.89100551, 84.90816425, 82.92669022, 81.02390454,
       81.57874127])
RS_vec=array([89.73412448, 85.01740004, 84.54433507, 84.02503913, 83.88892331,
       83.86854063])
Median Accumulated PREC(%) 10 times; BBF=[ 10.  30.  50. 100. 150. 200.]
BO_vec=array([88.54163737, 86.15725123, 85.02989175, 84.44617767, 83.88795606,
       83.90085358])
RS_vec=array([88.38283549, 85.601455  , 85.10753194, 84.39708792, 84.39203854,
       84.39203854])
Min Accumulated PREC(%) 10 times; BBF=[ 10.  30.  50. 100. 150. 200.]
BO_vec=array([84.36484924, 78.54401555, 78.76826893, 75.77340203, 74.45972755,
       74.47411315])
RS_vec=array([84.36484924, 78.70089239, 78.70089239, 78.70089239, 78.70089239,
       78.70089239])
Max Accumulated PREC(%) 10 times; BBF=[ 10.  30.  50. 100. 150. 200.]
BO_vec=array([93.64330977, 91.86058309, 87.72004168, 87.21294293, 84.35528026,
       86.59187696])
RS_vec=array([98.62743215, 88.4766641 , 88.4766641 , 88.4766641 , 87.14537821,
       86.9643434 ])