
BO_ratio_matrix = 
[[72.1328368  83.84864724 77.45248389 75.92828427 77.53311112 79.7445356
  77.38900493 77.10291332 79.48407781 69.64848786]
 [72.1328368  81.61082461 76.89646078 75.92828427 72.91921445 77.45248389
  77.17186361 66.52265341 71.78364848 69.58781671]
 [72.1328368  75.64099264 75.06545152 75.92828427 72.91921445 74.51651094
  75.03913859 66.52265341 71.78364848 69.58781671]
 [72.1328368  75.64099264 71.82707986 74.25283585 71.66362675 74.17886471
  72.6989274  66.52265341 71.78364848 69.58781671]
 [72.1328368  73.35382333 71.82707986 74.25283585 71.66362675 71.99795683
  72.6989274  66.52265341 70.44662403 69.58781671]
 [72.1328368  69.86303791 71.82707986 72.70974724 71.66362675 71.99795683
  72.6989274  66.52265341 70.44662403 69.58781671]]
RS_ratio_matrix = 
[[87.49980679 83.23818483 81.13738565 85.40783528 84.18623666 84.93186472
  85.89110071 87.29019696 82.78076892 89.00059441]
 [84.83849347 81.4647713  78.93940549 79.36363652 80.54602834 84.93186472
  79.49337363 78.25581286 78.91503899 80.46541637]
 [79.90767162 81.4647713  78.93940549 79.36363652 79.12037455 82.27421432
  79.49337363 78.25581286 78.91503899 80.46541637]
 [76.12846326 77.54504849 78.37194819 77.56766351 76.57483569 82.11674547
  77.50311062 76.55229752 78.91503899 80.46541637]
 [76.12846326 73.58521245 76.49793699 77.56766351 76.57483569 68.23387835
  77.44947072 76.55229752 78.91503899 78.39498428]
 [72.2328006  73.58521245 76.49793699 77.56766351 76.57483569 68.23387835
  77.44947072 76.55229752 78.58283946 78.39498428]]
Mean Accumulated PREC(%) 10 times; BBF=[ 10.  30.  50. 100. 150. 200.]
BO_vec=array([77.02643828, 74.2006087 , 72.91365478, 72.02892826, 71.4484181 ,
       70.94503069])
RS_vec=array([85.13639749, 80.72138417, 79.81997157, 78.17405681, 75.98997818,
       75.56719196])
Median Accumulated PREC(%) 10 times; BBF=[ 10.  30.  50. 100. 150. 200.]
BO_vec=array([77.42074441, 74.42374936, 73.71786269, 71.97995833, 71.91251834,
       71.7453533 ])
RS_vec=array([85.16985   , 79.979395  , 79.42850508, 77.556356  , 76.56356661,
       76.56356661])
Min Accumulated PREC(%) 10 times; BBF=[ 10.  30.  50. 100. 150. 200.]
BO_vec=array([69.64848786, 66.52265341, 66.52265341, 66.52265341, 66.52265341,
       66.52265341])
RS_vec=array([81.13738565, 78.25581286, 78.25581286, 76.12846326, 68.23387835,
       68.23387835])
Max Accumulated PREC(%) 10 times; BBF=[ 10.  30.  50. 100. 150. 200.]
BO_vec=array([83.84864724, 81.61082461, 75.92828427, 75.64099264, 74.25283585,
       72.70974724])
RS_vec=array([89.00059441, 84.93186472, 82.27421432, 82.11674547, 78.91503899,
       78.58283946])