
BO_ratio_matrix = 
[[81.13327667 79.90398251 81.13738565 85.40783528 71.57641475 78.95684093
  87.34543317 87.29019696 82.63148715 79.63486556]
 [81.61450082 74.90623875 81.13738565 83.09646762 73.66225402 76.12882144
  77.23942122 79.8634253  80.65940169 76.26440265]
 [77.00820501 73.16758701 79.94550456 83.42717725 71.84860888 69.70345381
  76.87341239 75.63402927 77.12543016 71.17006032]
 [77.13244311 70.12132495 68.84213561 73.8451608  71.71219682 69.84688936
  75.32270895 73.6876686  77.59422449 74.43666218]
 [70.33610067 69.71043943 68.64550267 69.16515458 71.25848817 69.80330014
  76.64835477 70.42449238 77.3660498  80.65940169]
 [70.96663225 68.61790199 68.6442328  68.85957691 71.24934036 69.86537217
  75.94954676 69.90487291 77.08600361 79.25310993]]
RS_ratio_matrix = 
[[87.49980679 85.50874209 84.55086502 87.8177234  84.30561853 80.75779198
  93.65763272 87.29019696 83.47674243 89.20173987]
 [84.29307194 79.3487849  81.13738565 81.40865506 76.5036304  76.76901963
  76.31862272 71.72498207 80.15447371 76.42349495]
 [80.16318613 70.11663858 81.13738565 81.40865506 76.5036304  76.76901963
  76.31862272 71.72498207 80.15447371 76.42349495]
 [80.16318613 67.65528091 75.09513519 81.40865506 74.88509761 76.76901963
  76.31862272 71.72498207 80.15447371 76.42349495]
 [80.16318613 67.65528091 74.96081415 81.40865506 73.45316144 76.76901963
  76.31862272 71.72498207 80.15447371 76.42349495]
 [80.16318613 67.65528091 74.96081415 81.40865506 73.45316144 76.76901963
  76.31862272 71.72498207 80.09937356 76.42349495]]
Mean Accumulated PREC(%) 10 times; BBF=[ 10.  30.  50. 100. 150. 200.]
BO_vec=array([81.50177186, 78.45723191, 75.59034687, 73.25414149, 72.40172843,
       72.03965897])
RS_vec=array([86.40668598, 78.4082121 , 77.07200889, 76.0597948 , 75.90316908,
       75.89765906])
Median Accumulated PREC(%) 10 times; BBF=[ 10.  30.  50. 100. 150. 200.]
BO_vec=array([81.13533116, 78.55142326, 76.25372083, 73.7664147 , 70.38029653,
       70.43575258])
RS_vec=array([86.39946953, 78.05890227, 76.63632501, 76.37105884, 76.37105884,
       76.37105884])
Min Accumulated PREC(%) 10 times; BBF=[ 10.  30.  50. 100. 150. 200.]
BO_vec=array([71.57641475, 73.66225402, 69.70345381, 68.84213561, 68.64550267,
       68.61790199])
RS_vec=array([80.75779198, 71.72498207, 70.11663858, 67.65528091, 67.65528091,
       67.65528091])
Max Accumulated PREC(%) 10 times; BBF=[ 10.  30.  50. 100. 150. 200.]
BO_vec=array([87.34543317, 83.09646762, 83.42717725, 77.59422449, 80.65940169,
       79.25310993])
RS_vec=array([93.65763272, 84.29307194, 81.40865506, 81.40865506, 81.40865506,
       81.40865506])