
 input
[[1.8568923645003679, 6.88531497162035, 7.15891235245514], [6.945034775682512, 2.4712739357194486, -2.3123658541460017], [-4.049307869110553, -8.865740453651137, -4.546874108397735], [10.0, 10.0, -10.0], [-10.0, 10.0, -3.8189860908526905]]
 output
 [108.44759276  98.08936637  95.93404988 107.01648769  92.5490099 ]
最小値:92.54900989958514
入力値:[-10.0, 10.0, -3.8189860908526905]
経過時間:21.697680473327637sec
num_evaluation of BBF = 5.0
 input
[[1.8568923645003679, 6.88531497162035, 7.15891235245514], [6.945034775682512, 2.4712739357194486, -2.3123658541460017], [-4.049307869110553, -8.865740453651137, -4.546874108397735], [10.0, 10.0, -10.0], [-10.0, 10.0, -3.8189860908526905], [-10.0, 10.0, -1.9544832557918852], [-9.851239175128752, 9.667852439746223, -10.0], [-10.0, 4.007241331471468, -10.0], [-2.012212966562876, -6.542379144443005, 7.1081705206784775], [8.225658497973317, -8.64521007121799, -8.420629226650178]]
 output
 [108.44759276  98.08936637  95.93404988 107.01648769  92.5490099
  92.59776336  94.64808045  98.78039774  96.56519993  97.99406943]
最小値:92.54900989958514
入力値:[-10.0, 10.0, -3.8189860908526905]
経過時間:21.3346848487854sec
num_evaluation of BBF = 10.0
 input
[[9.943696218777376, 8.65114718677318, -7.437511041412865], [9.980810306482898, -5.278220460960478, -2.0683854540794755], [-2.2417851767598496, 3.3949207360696025, 8.71078141612064], [-3.510250799917218, 5.361062912208947, -9.124467088800655], [-3.6141764730138686, 6.036444161643935, 1.8251622429000296]]
 output
 [104.63534068 105.85373894 104.35297177  96.55005301  97.34631031]
最小値:96.55005300846824
入力値:[-3.510250799917218, 5.361062912208947, -9.124467088800655]
経過時間:22.448593378067017sec
num_evaluation of BBF = 5.0
 input
[[9.943696218777376, 8.65114718677318, -7.437511041412865], [9.980810306482898, -5.278220460960478, -2.0683854540794755], [-2.2417851767598496, 3.3949207360696025, 8.71078141612064], [-3.510250799917218, 5.361062912208947, -9.124467088800655], [-3.6141764730138686, 6.036444161643935, 1.8251622429000296], [-3.3291097819637265, -10.0, 8.671165518773783], [-3.3597139146575747, 10.0, -1.1349837618626175], [-3.1815442217947325, 10.0, -1.5716257041153394], [-5.167125503247321, 10.0, 9.883231369190177], [-6.52312876715581, 9.937457133832563, 4.884953587398538]]
 output
 [104.63534068 105.85373894 104.35297177  96.55005301  97.34631031
  97.04101046  95.19239166  96.43976437  99.37877898  94.26487845]
最小値:94.2648784528501
入力値:[-6.52312876715581, 9.937457133832563, 4.884953587398538]
経過時間:21.6473126411438sec
num_evaluation of BBF = 10.0