
 input_history 
[[0.9762700785464951, 4.30378732744839, 2.055267521432878], [0.8976636599379368, -1.5269040132219054, 2.917882261333123], [-1.2482557747461502, 7.835460015641594, 9.273255210020587], [-2.3311696234844455, 5.834500761653292, 0.5778983950580887], [1.3608912218786458, 8.51193276585322, -8.579278836042262]]
最小値:96.34229465650606
入力値:[0.8976636599379368, -1.5269040132219054, 2.917882261333123]
経過時間:18.703847408294678sec
num_evaluation of BBF = 5.0
 input_history 
[[-8.257414005969185, -9.595632051193485, 6.65239691095876], [5.563135018997009, 7.400242964936382, 9.572366844655281], [5.983171284334471, -0.7704127549413631, 5.610583525729108], [-7.634511482621336, 2.798420426550477, -7.132934251819072], [8.893378340991678, 0.43696643500143395, -1.7067612001895291]]
最小値:95.43475032710376
入力値:[-8.257414005969185, -9.595632051193485, 6.65239691095876]
経過時間:20.43850874900818sec
num_evaluation of BBF = 10.0
 input_history 
[[-1.6595599059485195, 4.4064898688431615, -9.997712503653101], [-3.9533485473632046, -7.064882183657739, -8.153228104624045], [-6.274795772446582, -3.0887854591390447, -2.0646505153866013], [0.7763346800671389, -1.6161097119341044, 3.7043900079351904], [-5.910955005369651, 7.562348727818907, -9.452248136041476]]
最小値:94.64151801355456
入力値:[-6.274795772446582, -3.0887854591390447, -2.0646505153866013]
経過時間:20.306362867355347sec
num_evaluation of BBF = 5.0
 input_history 
[[3.409350203568044, -1.6539039526574602, 1.1737965689150336], [-7.192261228095324, -6.037970218302425, 6.014891373510732], [9.36523151438795, -3.7315164368151432, 3.8464523133862816], [7.527783045920767, 7.892133270076947, -8.299115772604441], [-9.218904335342353, -6.6033916087086215, 7.562850068588261]]
最小値:94.64151801355456
入力値:[-6.274795772446582, -3.0887854591390447, -2.0646505153866013]
経過時間:20.534128189086914sec
num_evaluation of BBF = 10.0