
 input
[[5.570677093501104, 20.655944914861053, 21.47673705736542], [20.83510432704754, 7.4138218071583495, -6.937097562438005], [-12.14792360733166, -26.59722136095341, -13.640622325193206], [-30.0, -30.0, -13.168350789275891], [-29.058562891499477, 16.16304675450275, -17.790632717888055], [-23.672489822235566, 11.971974310096613, -19.48028698515157], [16.871038665196252, -28.70853987190792, -17.006835812320624], [-30.0, 30.0, 30.0], [-21.657261811043348, 25.523091397266185, -16.71957038017021], [-30.0, -28.154076895064293, -30.0]]
 output
 [100.48879172 107.93503405  89.47689571  89.61233373  72.1328368
  81.12767232  93.5898306  103.36323315  92.21492747  93.03210006]
最小値:72.13283679736134
入力値:[-29.058562891499477, 16.16304675450275, -17.790632717888055]
経過時間:43.706960916519165sec
num_evaluation of BBF = 10.0
 input
[[5.570677093501104, 20.655944914861053, 21.47673705736542], [20.83510432704754, 7.4138218071583495, -6.937097562438005], [-12.14792360733166, -26.59722136095341, -13.640622325193206], [-30.0, -30.0, -13.168350789275891], [-29.058562891499477, 16.16304675450275, -17.790632717888055], [-23.672489822235566, 11.971974310096613, -19.48028698515157], [16.871038665196252, -28.70853987190792, -17.006835812320624], [-30.0, 30.0, 30.0], [-21.657261811043348, 25.523091397266185, -16.71957038017021], [-30.0, -28.154076895064293, -30.0], [-30.0, 16.29990912612375, 21.502331684685863], [-26.607170663249526, 17.26483743978426, -19.183880411827303], [11.754081983599924, 15.722696619584731, -16.338647159009437], [-30.0, 12.224493315724914, -23.97793505241853], [-30.0, 27.773463068924237, -18.337355798495494], [-30.0, 10.67474185728743, -17.877573241962423], [30.0, -30.0, 30.0], [-30.0, 30.0, -3.779990982765856], [30.0, -22.893317391105764, -20.451202148805663], [30.0, -16.488182865385347, -30.0], [-26.605143123925515, -30.0, -17.16125516636007], [-26.69476750898945, 15.83363959533169, -16.498477511723365], [-30.0, 30.0, -20.35692247031163], [-9.265159994422604, -27.655197517862504, -18.750749448865417], [-30.0, -17.416542446642538, 30.0], [-30.0, 18.91710702411914, -18.357224227660193], [-19.976637246077885, -3.09481424148559, -30.0], [-9.270039938942944, -30.0, 30.0], [-2.4909879739711442, -30.0, 30.0], [-9.056689814433156, -16.284450345576452, 30.0]]
 output
 [100.48879172 107.93503405  89.47689571  89.61233373  72.1328368
  81.12767232  93.5898306  103.36323315  92.21492747  93.03210006
  95.23757804  76.2665035  105.55717559  92.94421479  81.59752022
  88.18890954  96.83660518 105.19313458  95.08964246  97.04712928
  92.50014952  88.85631064  95.90218272  90.90128936  88.34382672
  94.34407644  89.13098118  76.64451195  80.80745972  79.05061758]
最小値:72.13283679736134
入力値:[-29.058562891499477, 16.16304675450275, -17.790632717888055]
経過時間:89.96093702316284sec
num_evaluation of BBF = 30.0
 input
[[5.570677093501104, 20.655944914861053, 21.47673705736542], [20.83510432704754, 7.4138218071583495, -6.937097562438005], [-12.14792360733166, -26.59722136095341, -13.640622325193206], [-30.0, -30.0, -13.168350789275891], [-29.058562891499477, 16.16304675450275, -17.790632717888055], [-23.672489822235566, 11.971974310096613, -19.48028698515157], [16.871038665196252, -28.70853987190792, -17.006835812320624], [-30.0, 30.0, 30.0], [-21.657261811043348, 25.523091397266185, -16.71957038017021], [-30.0, -28.154076895064293, -30.0], [-30.0, 16.29990912612375, 21.502331684685863], [-26.607170663249526, 17.26483743978426, -19.183880411827303], [11.754081983599924, 15.722696619584731, -16.338647159009437], [-30.0, 12.224493315724914, -23.97793505241853], [-30.0, 27.773463068924237, -18.337355798495494], [-30.0, 10.67474185728743, -17.877573241962423], [30.0, -30.0, 30.0], [-30.0, 30.0, -3.779990982765856], [30.0, -22.893317391105764, -20.451202148805663], [30.0, -16.488182865385347, -30.0], [-26.605143123925515, -30.0, -17.16125516636007], [-26.69476750898945, 15.83363959533169, -16.498477511723365], [-30.0, 30.0, -20.35692247031163], [-9.265159994422604, -27.655197517862504, -18.750749448865417], [-30.0, -17.416542446642538, 30.0], [-30.0, 18.91710702411914, -18.357224227660193], [-19.976637246077885, -3.09481424148559, -30.0], [-9.270039938942944, -30.0, 30.0], [-2.4909879739711442, -30.0, 30.0], [-9.056689814433156, -16.284450345576452, 30.0], [-17.092070338741863, -30.0, 30.0], [-0.23518860348651316, -17.709487902692402, 30.0], [-14.136813425124343, -8.267418969835969, 30.0], [3.5060033500106087, -30.0, 30.0], [-30.0, -30.0, 30.0], [-16.7803969523833, -8.989674283871569, 7.5603992636541335], [-9.507240731931727, -30.0, 18.773548935020607], [30.0, 30.0, 30.0], [30.0, -30.0, 9.92550310478022], [-0.2972399985019436, 30.0, -30.0], [30.0, 12.351265038633485, 30.0], [30.0, 30.0, 13.985038369521924], [10.806393405887803, 30.0, 30.0], [-30.0, -30.0, -1.1939964822381839], [-0.029872017389998007, -30.0, -30.0], [30.0, 30.0, -30.0], [-30.0, 30.0, -30.0], [19.87331510330346, -8.126522487367087, 18.03648103411531], [23.504081532369526, -6.4767210277198615, 11.158372497576067], [23.120963879495676, 29.575264602583964, -19.316829818005626]]
 output
 [100.48879172 107.93503405  89.47689571  89.61233373  72.1328368
  81.12767232  93.5898306  103.36323315  92.21492747  93.03210006
  95.23757804  76.2665035  105.55717559  92.94421479  81.59752022
  88.18890954  96.83660518 105.19313458  95.08964246  97.04712928
  92.50014952  88.85631064  95.90218272  90.90128936  88.34382672
  94.34407644  89.13098118  76.64451195  80.80745972  79.05061758
  84.59542777  82.9533994   83.581298    85.69696802  85.00821741
  97.73223747  97.60300386  80.65940169  99.7168409   95.19552508
  89.03004845  92.81362209  97.58999465  94.87683135  94.27518984
  86.82572441  77.45248389 105.00433504  98.47903739  89.63726753]
最小値:72.13283679736134
入力値:[-29.058562891499477, 16.16304675450275, -17.790632717888055]
経過時間:94.77000379562378sec
num_evaluation of BBF = 50.0
 input
[[5.570677093501104, 20.655944914861053, 21.47673705736542], [20.83510432704754, 7.4138218071583495, -6.937097562438005], [-12.14792360733166, -26.59722136095341, -13.640622325193206], [-30.0, -30.0, -13.168350789275891], [-29.058562891499477, 16.16304675450275, -17.790632717888055], [-23.672489822235566, 11.971974310096613, -19.48028698515157], [16.871038665196252, -28.70853987190792, -17.006835812320624], [-30.0, 30.0, 30.0], [-21.657261811043348, 25.523091397266185, -16.71957038017021], [-30.0, -28.154076895064293, -30.0], [-30.0, 16.29990912612375, 21.502331684685863], [-26.607170663249526, 17.26483743978426, -19.183880411827303], [11.754081983599924, 15.722696619584731, -16.338647159009437], [-30.0, 12.224493315724914, -23.97793505241853], [-30.0, 27.773463068924237, -18.337355798495494], [-30.0, 10.67474185728743, -17.877573241962423], [30.0, -30.0, 30.0], [-30.0, 30.0, -3.779990982765856], [30.0, -22.893317391105764, -20.451202148805663], [30.0, -16.488182865385347, -30.0], [-26.605143123925515, -30.0, -17.16125516636007], [-26.69476750898945, 15.83363959533169, -16.498477511723365], [-30.0, 30.0, -20.35692247031163], [-9.265159994422604, -27.655197517862504, -18.750749448865417], [-30.0, -17.416542446642538, 30.0], [-30.0, 18.91710702411914, -18.357224227660193], [-19.976637246077885, -3.09481424148559, -30.0], [-9.270039938942944, -30.0, 30.0], [-2.4909879739711442, -30.0, 30.0], [-9.056689814433156, -16.284450345576452, 30.0], [-17.092070338741863, -30.0, 30.0], [-0.23518860348651316, -17.709487902692402, 30.0], [-14.136813425124343, -8.267418969835969, 30.0], [3.5060033500106087, -30.0, 30.0], [-30.0, -30.0, 30.0], [-16.7803969523833, -8.989674283871569, 7.5603992636541335], [-9.507240731931727, -30.0, 18.773548935020607], [30.0, 30.0, 30.0], [30.0, -30.0, 9.92550310478022], [-0.2972399985019436, 30.0, -30.0], [30.0, 12.351265038633485, 30.0], [30.0, 30.0, 13.985038369521924], [10.806393405887803, 30.0, 30.0], [-30.0, -30.0, -1.1939964822381839], [-0.029872017389998007, -30.0, -30.0], [30.0, 30.0, -30.0], [-30.0, 30.0, -30.0], [19.87331510330346, -8.126522487367087, 18.03648103411531], [23.504081532369526, -6.4767210277198615, 11.158372497576067], [23.120963879495676, 29.575264602583964, -19.316829818005626], [22.739794181280672, -26.665042261622848, -9.384892955778607], [-19.05608180916304, 12.516836353688085, -22.305727475529004], [-21.033564281119176, -4.692261433863219, -0.05401811327143591], [13.642623012848937, 18.267719319537726, -25.4860490960624], [6.30792832965966, -10.156876836276897, 9.418401914173927], [-5.29806551934562, -27.20248818063713, 26.637748013656378], [2.7751493203690174, 5.424859648869514, -3.800703211860675], [-7.483135416233701, -23.133229580978103, 22.47404587828548], [17.896326510820174, 20.996470639351138, 1.1396764463025413], [7.165464887573798, 17.145465468251295, -5.613628973889252], [27.559226507000943, -21.83527415812302, -9.371974073534275], [-18.190213083050303, -27.967512483656083, -2.932969787915148], [-2.198455432345721, 20.57806455785053, 6.183895183688492], [12.122503345531797, 29.04474455495957, -14.83804483103827], [-30.0, 20.31049997118194, -30.0], [-7.349760543253591, -4.052334019871747, -15.217385526825037], [13.158321959102274, 8.638560411892065, -18.814297561324636], [-27.767934385927838, 27.000199557598762, -29.227362485038952], [-29.8662540590831, -7.544151783938531, -23.107362706180403], [-29.867953627219684, -29.518705750783372, 21.890368498816642], [-29.03716455145911, 29.59840381594917, -26.024288007363502], [29.247263608203674, -8.38251506611783, 29.096352346940712], [28.840997949095375, -2.4040339292166664, 29.973310626693817], [-29.090775872867635, 29.76752511374813, -12.946124656378057], [29.8117903807727, -29.175264572317545, 27.958633729042944], [0.6038428059057175, -3.8066170493640357, 29.972201856770056], [26.911486280491992, -29.230717868976622, -1.5521759390263483], [30.0, -30.0, -0.5907985745688862], [-28.655477061082745, -29.422989391145457, 29.891459048754463], [-29.988532528210555, 28.733469224980453, 12.13524706463867], [28.730434911616264, 29.25636657285284, -22.485243672957612], [-29.888353924652556, -28.615142533456005, -25.53839874778429], [-28.354854594566387, -29.17931511344983, -9.84648751480244], [-29.535263724493348, 2.009434594272207, 29.421650956529156], [-28.634610300737922, 27.96008523747598, -29.978748155312463], [-28.76031921367463, 13.141379661413694, -29.85375112198803], [28.725481794131262, 14.500599420607877, -29.641643989807694], [29.7589879294366, 29.097340876959073, -29.991566278912636], [28.84945926119127, 3.9132533968702035, -29.948343202996103], [29.45556751929287, 29.98036203622118, 23.40647623822165], [29.51341628372051, 28.836339071588185, 28.778354698703566], [-29.454294587026247, -5.543500589859381, -14.767257835281614], [5.04176846842504, 7.585427326185808, -29.97233954905559], [29.725031562890024, 15.974363840379446, 29.694219021252806], [29.95432989123691, 29.62499500630988, 29.968006787828244], [-0.2832646302174595, -5.24652409393569, -29.994160181016518], [-6.066370663651643, 29.600731455737815, -23.776121889550716], [29.579583062760193, 29.929350698688708, 19.392247485709063], [5.93660772535285, -12.534175974091273, 29.983715148178312], [4.2545635454192094, -29.96523979406801, -6.167529447785913]]
 output
 [100.48879172 107.93503405  89.47689571  89.61233373  72.1328368
  81.12767232  93.5898306  103.36323315  92.21492747  93.03210006
  95.23757804  76.2665035  105.55717559  92.94421479  81.59752022
  88.18890954  96.83660518 105.19313458  95.08964246  97.04712928
  92.50014952  88.85631064  95.90218272  90.90128936  88.34382672
  94.34407644  89.13098118  76.64451195  80.80745972  79.05061758
  84.59542777  82.9533994   83.581298    85.69696802  85.00821741
  97.73223747  97.60300386  80.65940169  99.7168409   95.19552508
  89.03004845  92.81362209  97.58999465  94.87683135  94.27518984
  86.82572441  77.45248389 105.00433504  98.47903739  89.63726753
  83.70831395  83.16838807  97.54192063  95.39926979  93.24574043
  91.13067545 102.18414728  87.31188589 100.00537353 101.44690614
  96.49750894  92.24313101 100.63373723  78.96735104  81.23823124
  84.77623237  89.7062781   84.19194322  92.7654249  100.38522581
  94.15220651  79.54290856  90.03322551  95.81799099 100.62791575
  88.34181178  78.1224788  111.18513838  84.86911322  94.76696028
  90.3770691   92.30250332  89.71311571  95.02108196  81.09884501
  93.02347034  79.51774079  93.11394726  83.54841251  83.38617805
  81.58646836  94.85791129  89.04141095  88.18842484  81.03159768
  91.08747212  88.67269983  80.66402874  88.66071456  94.58669552]
最小値:72.13283679736134
入力値:[-29.058562891499477, 16.16304675450275, -17.790632717888055]
経過時間:285.5577480792999sec
num_evaluation of BBF = 100.0
 input
[[5.570677093501104, 20.655944914861053, 21.47673705736542], [20.83510432704754, 7.4138218071583495, -6.937097562438005], [-12.14792360733166, -26.59722136095341, -13.640622325193206], [-30.0, -30.0, -13.168350789275891], [-29.058562891499477, 16.16304675450275, -17.790632717888055], [-23.672489822235566, 11.971974310096613, -19.48028698515157], [16.871038665196252, -28.70853987190792, -17.006835812320624], [-30.0, 30.0, 30.0], [-21.657261811043348, 25.523091397266185, -16.71957038017021], [-30.0, -28.154076895064293, -30.0], [-30.0, 16.29990912612375, 21.502331684685863], [-26.607170663249526, 17.26483743978426, -19.183880411827303], [11.754081983599924, 15.722696619584731, -16.338647159009437], [-30.0, 12.224493315724914, -23.97793505241853], [-30.0, 27.773463068924237, -18.337355798495494], [-30.0, 10.67474185728743, -17.877573241962423], [30.0, -30.0, 30.0], [-30.0, 30.0, -3.779990982765856], [30.0, -22.893317391105764, -20.451202148805663], [30.0, -16.488182865385347, -30.0], [-26.605143123925515, -30.0, -17.16125516636007], [-26.69476750898945, 15.83363959533169, -16.498477511723365], [-30.0, 30.0, -20.35692247031163], [-9.265159994422604, -27.655197517862504, -18.750749448865417], [-30.0, -17.416542446642538, 30.0], [-30.0, 18.91710702411914, -18.357224227660193], [-19.976637246077885, -3.09481424148559, -30.0], [-9.270039938942944, -30.0, 30.0], [-2.4909879739711442, -30.0, 30.0], [-9.056689814433156, -16.284450345576452, 30.0], [-17.092070338741863, -30.0, 30.0], [-0.23518860348651316, -17.709487902692402, 30.0], [-14.136813425124343, -8.267418969835969, 30.0], [3.5060033500106087, -30.0, 30.0], [-30.0, -30.0, 30.0], [-16.7803969523833, -8.989674283871569, 7.5603992636541335], [-9.507240731931727, -30.0, 18.773548935020607], [30.0, 30.0, 30.0], [30.0, -30.0, 9.92550310478022], [-0.2972399985019436, 30.0, -30.0], [30.0, 12.351265038633485, 30.0], [30.0, 30.0, 13.985038369521924], [10.806393405887803, 30.0, 30.0], [-30.0, -30.0, -1.1939964822381839], [-0.029872017389998007, -30.0, -30.0], [30.0, 30.0, -30.0], [-30.0, 30.0, -30.0], [19.87331510330346, -8.126522487367087, 18.03648103411531], [23.504081532369526, -6.4767210277198615, 11.158372497576067], [23.120963879495676, 29.575264602583964, -19.316829818005626], [22.739794181280672, -26.665042261622848, -9.384892955778607], [-19.05608180916304, 12.516836353688085, -22.305727475529004], [-21.033564281119176, -4.692261433863219, -0.05401811327143591], [13.642623012848937, 18.267719319537726, -25.4860490960624], [6.30792832965966, -10.156876836276897, 9.418401914173927], [-5.29806551934562, -27.20248818063713, 26.637748013656378], [2.7751493203690174, 5.424859648869514, -3.800703211860675], [-7.483135416233701, -23.133229580978103, 22.47404587828548], [17.896326510820174, 20.996470639351138, 1.1396764463025413], [7.165464887573798, 17.145465468251295, -5.613628973889252], [27.559226507000943, -21.83527415812302, -9.371974073534275], [-18.190213083050303, -27.967512483656083, -2.932969787915148], [-2.198455432345721, 20.57806455785053, 6.183895183688492], [12.122503345531797, 29.04474455495957, -14.83804483103827], [-30.0, 20.31049997118194, -30.0], [-7.349760543253591, -4.052334019871747, -15.217385526825037], [13.158321959102274, 8.638560411892065, -18.814297561324636], [-27.767934385927838, 27.000199557598762, -29.227362485038952], [-29.8662540590831, -7.544151783938531, -23.107362706180403], [-29.867953627219684, -29.518705750783372, 21.890368498816642], [-29.03716455145911, 29.59840381594917, -26.024288007363502], [29.247263608203674, -8.38251506611783, 29.096352346940712], [28.840997949095375, -2.4040339292166664, 29.973310626693817], [-29.090775872867635, 29.76752511374813, -12.946124656378057], [29.8117903807727, -29.175264572317545, 27.958633729042944], [0.6038428059057175, -3.8066170493640357, 29.972201856770056], [26.911486280491992, -29.230717868976622, -1.5521759390263483], [30.0, -30.0, -0.5907985745688862], [-28.655477061082745, -29.422989391145457, 29.891459048754463], [-29.988532528210555, 28.733469224980453, 12.13524706463867], [28.730434911616264, 29.25636657285284, -22.485243672957612], [-29.888353924652556, -28.615142533456005, -25.53839874778429], [-28.354854594566387, -29.17931511344983, -9.84648751480244], [-29.535263724493348, 2.009434594272207, 29.421650956529156], [-28.634610300737922, 27.96008523747598, -29.978748155312463], [-28.76031921367463, 13.141379661413694, -29.85375112198803], [28.725481794131262, 14.500599420607877, -29.641643989807694], [29.7589879294366, 29.097340876959073, -29.991566278912636], [28.84945926119127, 3.9132533968702035, -29.948343202996103], [29.45556751929287, 29.98036203622118, 23.40647623822165], [29.51341628372051, 28.836339071588185, 28.778354698703566], [-29.454294587026247, -5.543500589859381, -14.767257835281614], [5.04176846842504, 7.585427326185808, -29.97233954905559], [29.725031562890024, 15.974363840379446, 29.694219021252806], [29.95432989123691, 29.62499500630988, 29.968006787828244], [-0.2832646302174595, -5.24652409393569, -29.994160181016518], [-6.066370663651643, 29.600731455737815, -23.776121889550716], [29.579583062760193, 29.929350698688708, 19.392247485709063], [5.93660772535285, -12.534175974091273, 29.983715148178312], [4.2545635454192094, -29.96523979406801, -6.167529447785913], [29.685334585938044, 1.117756520515922, -28.56740597996344], [29.331512699581126, 29.9674165184501, 28.241331340937954], [29.000390783653224, 29.909751022961153, -11.182165143119615], [30.0, 30.0, -5.423168871716111], [-15.434242083820369, -17.881846092421718, 30.0], [-10.141420705006013, 14.048224248724082, -28.939289511713344], [30.0, 30.0, -6.220982054234419], [30.0, 30.0, 1.7519741343800277], [30.0, 30.0, -13.096125512246086], [29.314894293351976, 17.442985382645148, 20.778187756381058], [-29.817855399843143, -6.011770341151145, 19.559588696040834], [10.623904646601993, 7.503520260483768, 29.984632808994917], [-1.4447367674281928, -10.071629368909473, -21.457614720201136], [12.64244348974546, 29.994126670955083, -9.690132296537499], [29.81205544512698, 15.45908134815351, 18.098994863616404], [30.0, 22.921258495608626, 23.280488141947842], [-29.298860462642015, 9.694051865881718, -9.78239263745391], [-12.12443806167095, 6.517992634131545, -16.57168976076803], [25.915347093447984, -30.0, -30.0], [29.806577864087757, 8.134787269535714, 21.843219998671792], [-29.986577785532713, 10.762109037269873, -0.5324173460913251], [-15.096879817776607, -22.718166822425424, 30.0], [29.943352978996522, 15.272722780467973, -22.896920796490242], [2.1288160568976835, -15.18965159687847, -8.921573211573406], [-13.982586624898207, -16.398611858561527, -29.68071110003665], [-2.797988786425556, 29.741419419506478, -13.143411493669252], [14.804994971796397, -17.500558952580846, 29.754411914932433], [29.948479362608097, 11.08993163623007, 11.299967151757919], [-28.93762137372888, 4.625687859052995, -8.924271509261612], [29.636171485595952, 21.58596904286602, 29.944452638333118], [1.7097957181011019, -29.312699642023553, 4.878509455634038], [-15.961864216269054, 24.365357967006993, -29.993573461484466], [29.250641873577145, -29.713094405914777, -28.865545221381996], [30.0, -30.0, -30.0], [18.139935352560144, -30.0, -30.0], [-9.215395871443093, -7.632851181378324, 22.875286073343695], [-13.147230200840916, 2.5519626213368127, -23.736969948874552], [-10.951843098555251, 14.921813036330342, -17.47558237289303], [-17.064170124848197, 11.804878411620855, -11.745523975534145], [6.8442007636831335, -29.670201184453838, 12.658577739855474], [-11.329925947358202, 6.556780080931155, 29.468332637977774], [-12.376112539135665, 0.9618677458985161, 30.0], [-11.941366140705174, 13.931672005458182, 30.0], [-9.986325434712914, 30.0, 30.0], [-10.742413671814983, 23.895971503515455, 30.0], [-12.228553237799868, 30.0, 21.833450016473883], [-15.091387549313303, 30.0, 30.0], [-6.248997008171617, 30.0, 30.0], [-14.462250440622785, 18.501048687297818, 21.85634620093483], [-16.7143793122559, 17.165966550904002, 30.0]]
 output
 [100.48879172 107.93503405  89.47689571  89.61233373  72.1328368
  81.12767232  93.5898306  103.36323315  92.21492747  93.03210006
  95.23757804  76.2665035  105.55717559  92.94421479  81.59752022
  88.18890954  96.83660518 105.19313458  95.08964246  97.04712928
  92.50014952  88.85631064  95.90218272  90.90128936  88.34382672
  94.34407644  89.13098118  76.64451195  80.80745972  79.05061758
  84.59542777  82.9533994   83.581298    85.69696802  85.00821741
  97.73223747  97.60300386  80.65940169  99.7168409   95.19552508
  89.03004845  92.81362209  97.58999465  94.87683135  94.27518984
  86.82572441  77.45248389 105.00433504  98.47903739  89.63726753
  83.70831395  83.16838807  97.54192063  95.39926979  93.24574043
  91.13067545 102.18414728  87.31188589 100.00537353 101.44690614
  96.49750894  92.24313101 100.63373723  78.96735104  81.23823124
  84.77623237  89.7062781   84.19194322  92.7654249  100.38522581
  94.15220651  79.54290856  90.03322551  95.81799099 100.62791575
  88.34181178  78.1224788  111.18513838  84.86911322  94.76696028
  90.3770691   92.30250332  89.71311571  95.02108196  81.09884501
  93.02347034  79.51774079  93.11394726  83.54841251  83.38617805
  81.58646836  94.85791129  89.04141095  88.18842484  81.03159768
  91.08747212  88.67269983  80.66402874  88.66071456  94.58669552
  96.79173466  81.31468463  78.48052331  82.89516201  86.08759299
  91.01916512  80.41446837  98.33856964  83.13444822  82.3316705
  93.97249472  95.91685981  89.14690939  86.69980635  80.78464781
  82.90815052  83.37572046  85.35954435  82.96102548  88.26542547
  88.95788454  87.44667842 101.62192738  87.83571333  93.31151564
  91.08968693  89.28204868  95.14473285  92.44492231  85.75590505
  84.97863328  84.49022602  77.30438734  77.10291332  98.78267403
  89.87947146  84.67932943  80.94834217  84.02695285  86.53111377
  79.53779898  80.86882297  81.8329145   77.08668822  83.90634224
  79.51150872  79.25463268  86.13418304  79.65731169  81.90301193]
最小値:72.13283679736134
入力値:[-29.058562891499477, 16.16304675450275, -17.790632717888055]
経過時間:275.72285866737366sec
num_evaluation of BBF = 150.0
 input
[[5.570677093501104, 20.655944914861053, 21.47673705736542], [20.83510432704754, 7.4138218071583495, -6.937097562438005], [-12.14792360733166, -26.59722136095341, -13.640622325193206], [-30.0, -30.0, -13.168350789275891], [-29.058562891499477, 16.16304675450275, -17.790632717888055], [-23.672489822235566, 11.971974310096613, -19.48028698515157], [16.871038665196252, -28.70853987190792, -17.006835812320624], [-30.0, 30.0, 30.0], [-21.657261811043348, 25.523091397266185, -16.71957038017021], [-30.0, -28.154076895064293, -30.0], [-30.0, 16.29990912612375, 21.502331684685863], [-26.607170663249526, 17.26483743978426, -19.183880411827303], [11.754081983599924, 15.722696619584731, -16.338647159009437], [-30.0, 12.224493315724914, -23.97793505241853], [-30.0, 27.773463068924237, -18.337355798495494], [-30.0, 10.67474185728743, -17.877573241962423], [30.0, -30.0, 30.0], [-30.0, 30.0, -3.779990982765856], [30.0, -22.893317391105764, -20.451202148805663], [30.0, -16.488182865385347, -30.0], [-26.605143123925515, -30.0, -17.16125516636007], [-26.69476750898945, 15.83363959533169, -16.498477511723365], [-30.0, 30.0, -20.35692247031163], [-9.265159994422604, -27.655197517862504, -18.750749448865417], [-30.0, -17.416542446642538, 30.0], [-30.0, 18.91710702411914, -18.357224227660193], [-19.976637246077885, -3.09481424148559, -30.0], [-9.270039938942944, -30.0, 30.0], [-2.4909879739711442, -30.0, 30.0], [-9.056689814433156, -16.284450345576452, 30.0], [-17.092070338741863, -30.0, 30.0], [-0.23518860348651316, -17.709487902692402, 30.0], [-14.136813425124343, -8.267418969835969, 30.0], [3.5060033500106087, -30.0, 30.0], [-30.0, -30.0, 30.0], [-16.7803969523833, -8.989674283871569, 7.5603992636541335], [-9.507240731931727, -30.0, 18.773548935020607], [30.0, 30.0, 30.0], [30.0, -30.0, 9.92550310478022], [-0.2972399985019436, 30.0, -30.0], [30.0, 12.351265038633485, 30.0], [30.0, 30.0, 13.985038369521924], [10.806393405887803, 30.0, 30.0], [-30.0, -30.0, -1.1939964822381839], [-0.029872017389998007, -30.0, -30.0], [30.0, 30.0, -30.0], [-30.0, 30.0, -30.0], [19.87331510330346, -8.126522487367087, 18.03648103411531], [23.504081532369526, -6.4767210277198615, 11.158372497576067], [23.120963879495676, 29.575264602583964, -19.316829818005626], [22.739794181280672, -26.665042261622848, -9.384892955778607], [-19.05608180916304, 12.516836353688085, -22.305727475529004], [-21.033564281119176, -4.692261433863219, -0.05401811327143591], [13.642623012848937, 18.267719319537726, -25.4860490960624], [6.30792832965966, -10.156876836276897, 9.418401914173927], [-5.29806551934562, -27.20248818063713, 26.637748013656378], [2.7751493203690174, 5.424859648869514, -3.800703211860675], [-7.483135416233701, -23.133229580978103, 22.47404587828548], [17.896326510820174, 20.996470639351138, 1.1396764463025413], [7.165464887573798, 17.145465468251295, -5.613628973889252], [27.559226507000943, -21.83527415812302, -9.371974073534275], [-18.190213083050303, -27.967512483656083, -2.932969787915148], [-2.198455432345721, 20.57806455785053, 6.183895183688492], [12.122503345531797, 29.04474455495957, -14.83804483103827], [-30.0, 20.31049997118194, -30.0], [-7.349760543253591, -4.052334019871747, -15.217385526825037], [13.158321959102274, 8.638560411892065, -18.814297561324636], [-27.767934385927838, 27.000199557598762, -29.227362485038952], [-29.8662540590831, -7.544151783938531, -23.107362706180403], [-29.867953627219684, -29.518705750783372, 21.890368498816642], [-29.03716455145911, 29.59840381594917, -26.024288007363502], [29.247263608203674, -8.38251506611783, 29.096352346940712], [28.840997949095375, -2.4040339292166664, 29.973310626693817], [-29.090775872867635, 29.76752511374813, -12.946124656378057], [29.8117903807727, -29.175264572317545, 27.958633729042944], [0.6038428059057175, -3.8066170493640357, 29.972201856770056], [26.911486280491992, -29.230717868976622, -1.5521759390263483], [30.0, -30.0, -0.5907985745688862], [-28.655477061082745, -29.422989391145457, 29.891459048754463], [-29.988532528210555, 28.733469224980453, 12.13524706463867], [28.730434911616264, 29.25636657285284, -22.485243672957612], [-29.888353924652556, -28.615142533456005, -25.53839874778429], [-28.354854594566387, -29.17931511344983, -9.84648751480244], [-29.535263724493348, 2.009434594272207, 29.421650956529156], [-28.634610300737922, 27.96008523747598, -29.978748155312463], [-28.76031921367463, 13.141379661413694, -29.85375112198803], [28.725481794131262, 14.500599420607877, -29.641643989807694], [29.7589879294366, 29.097340876959073, -29.991566278912636], [28.84945926119127, 3.9132533968702035, -29.948343202996103], [29.45556751929287, 29.98036203622118, 23.40647623822165], [29.51341628372051, 28.836339071588185, 28.778354698703566], [-29.454294587026247, -5.543500589859381, -14.767257835281614], [5.04176846842504, 7.585427326185808, -29.97233954905559], [29.725031562890024, 15.974363840379446, 29.694219021252806], [29.95432989123691, 29.62499500630988, 29.968006787828244], [-0.2832646302174595, -5.24652409393569, -29.994160181016518], [-6.066370663651643, 29.600731455737815, -23.776121889550716], [29.579583062760193, 29.929350698688708, 19.392247485709063], [5.93660772535285, -12.534175974091273, 29.983715148178312], [4.2545635454192094, -29.96523979406801, -6.167529447785913], [29.685334585938044, 1.117756520515922, -28.56740597996344], [29.331512699581126, 29.9674165184501, 28.241331340937954], [29.000390783653224, 29.909751022961153, -11.182165143119615], [30.0, 30.0, -5.423168871716111], [-15.434242083820369, -17.881846092421718, 30.0], [-10.141420705006013, 14.048224248724082, -28.939289511713344], [30.0, 30.0, -6.220982054234419], [30.0, 30.0, 1.7519741343800277], [30.0, 30.0, -13.096125512246086], [29.314894293351976, 17.442985382645148, 20.778187756381058], [-29.817855399843143, -6.011770341151145, 19.559588696040834], [10.623904646601993, 7.503520260483768, 29.984632808994917], [-1.4447367674281928, -10.071629368909473, -21.457614720201136], [12.64244348974546, 29.994126670955083, -9.690132296537499], [29.81205544512698, 15.45908134815351, 18.098994863616404], [30.0, 22.921258495608626, 23.280488141947842], [-29.298860462642015, 9.694051865881718, -9.78239263745391], [-12.12443806167095, 6.517992634131545, -16.57168976076803], [25.915347093447984, -30.0, -30.0], [29.806577864087757, 8.134787269535714, 21.843219998671792], [-29.986577785532713, 10.762109037269873, -0.5324173460913251], [-15.096879817776607, -22.718166822425424, 30.0], [29.943352978996522, 15.272722780467973, -22.896920796490242], [2.1288160568976835, -15.18965159687847, -8.921573211573406], [-13.982586624898207, -16.398611858561527, -29.68071110003665], [-2.797988786425556, 29.741419419506478, -13.143411493669252], [14.804994971796397, -17.500558952580846, 29.754411914932433], [29.948479362608097, 11.08993163623007, 11.299967151757919], [-28.93762137372888, 4.625687859052995, -8.924271509261612], [29.636171485595952, 21.58596904286602, 29.944452638333118], [1.7097957181011019, -29.312699642023553, 4.878509455634038], [-15.961864216269054, 24.365357967006993, -29.993573461484466], [29.250641873577145, -29.713094405914777, -28.865545221381996], [30.0, -30.0, -30.0], [18.139935352560144, -30.0, -30.0], [-9.215395871443093, -7.632851181378324, 22.875286073343695], [-13.147230200840916, 2.5519626213368127, -23.736969948874552], [-10.951843098555251, 14.921813036330342, -17.47558237289303], [-17.064170124848197, 11.804878411620855, -11.745523975534145], [6.8442007636831335, -29.670201184453838, 12.658577739855474], [-11.329925947358202, 6.556780080931155, 29.468332637977774], [-12.376112539135665, 0.9618677458985161, 30.0], [-11.941366140705174, 13.931672005458182, 30.0], [-9.986325434712914, 30.0, 30.0], [-10.742413671814983, 23.895971503515455, 30.0], [-12.228553237799868, 30.0, 21.833450016473883], [-15.091387549313303, 30.0, 30.0], [-6.248997008171617, 30.0, 30.0], [-14.462250440622785, 18.501048687297818, 21.85634620093483], [-16.7143793122559, 17.165966550904002, 30.0], [-14.95600840074171, 30.0, 17.382363034780255], [-16.371080195012077, 30.0, 24.522184475804977], [-13.963363942111748, 30.0, 9.51892912408104], [-10.467276781352776, 16.062591059889755, 22.803080057225337], [-15.854597106462096, 30.0, 30.0], [-17.916540964752116, 5.638613123582523, 30.0], [14.685192816005959, -30.0, 1.583204573306901], [-19.722291616330935, 30.0, -30.0], [-19.76050014136604, 30.0, -30.0], [-20.045028752421896, 30.0, -30.0], [-20.43790661285896, 30.0, -30.0], [-20.846827153077875, 30.0, -30.0], [-17.092321973466678, 30.0, -30.0], [-21.269147120099667, 23.163837332489358, -30.0], [-17.489279219411422, 30.0, -24.842810363454383], [-22.569744929913547, 30.0, -30.0], [-22.561706549900258, 30.0, -30.0], [-21.160852273750272, 22.10113073563167, -30.0], [11.471339330372686, -30.0, 30.0], [15.012457077479972, -3.559528838836112, -30.0], [-9.226888641160045, 30.0, 22.422350675608598], [-7.094843194525385, -5.934575346732295, 30.0], [16.110390792950838, 30.0, -30.0], [22.587969348591663, 30.0, 30.0], [-16.02367863041622, -5.763141814014489, -15.195900587668225], [-5.867566475689507, 7.2915858988318405, 30.0], [-15.54354622960524, 30.0, -30.0], [-22.53076845393805, 30.0, -30.0], [21.81182767279337, 30.0, -10.311023152110923], [21.951881727220453, 30.0, -10.342363538969934], [21.44052868098138, 30.0, -11.53025513875388], [-18.091052502862517, 30.0, 20.974013726957942], [21.03583662808964, 30.0, 20.2206765602549], [-5.038562818757999, -18.40538799069245, -0.33457466845406003], [-29.895304189136862, 16.408875007157718, -18.498946874268178], [-18.851781246380558, 11.570062559631765, 14.290306133929192], [21.864052889960483, 30.0, -7.723228299483036], [19.372613369525723, 9.32008986305862, -30.0], [-5.520495124110489, -16.91329005760696, 30.0], [18.07201695274616, 30.0, -15.040631260536912], [14.362471978132, -18.051493934021998, -3.4669811825569354], [11.116630452961935, -10.387277226894035, -17.566642513258806], [-6.654678115313988, 30.0, 18.877921435977193], [-2.0644304983258124, 3.853081326729935, -19.80655174925909], [-15.71646380719891, -30.0, -30.0], [11.24463976399106, 30.0, -20.056566277649836], [-22.495590392114366, 30.0, -30.0], [-17.93901257761806, 19.66307594099824, -22.4157707206453], [7.075345553731488, -2.875890204438825, -21.172819207606043], [9.948421645699796, -13.450596567433347, -30.0]]
 output
 [100.48879172 107.93503405  89.47689571  89.61233373  72.1328368
  81.12767232  93.5898306  103.36323315  92.21492747  93.03210006
  95.23757804  76.2665035  105.55717559  92.94421479  81.59752022
  88.18890954  96.83660518 105.19313458  95.08964246  97.04712928
  92.50014952  88.85631064  95.90218272  90.90128936  88.34382672
  94.34407644  89.13098118  76.64451195  80.80745972  79.05061758
  84.59542777  82.9533994   83.581298    85.69696802  85.00821741
  97.73223747  97.60300386  80.65940169  99.7168409   95.19552508
  89.03004845  92.81362209  97.58999465  94.87683135  94.27518984
  86.82572441  77.45248389 105.00433504  98.47903739  89.63726753
  83.70831395  83.16838807  97.54192063  95.39926979  93.24574043
  91.13067545 102.18414728  87.31188589 100.00537353 101.44690614
  96.49750894  92.24313101 100.63373723  78.96735104  81.23823124
  84.77623237  89.7062781   84.19194322  92.7654249  100.38522581
  94.15220651  79.54290856  90.03322551  95.81799099 100.62791575
  88.34181178  78.1224788  111.18513838  84.86911322  94.76696028
  90.3770691   92.30250332  89.71311571  95.02108196  81.09884501
  93.02347034  79.51774079  93.11394726  83.54841251  83.38617805
  81.58646836  94.85791129  89.04141095  88.18842484  81.03159768
  91.08747212  88.67269983  80.66402874  88.66071456  94.58669552
  96.79173466  81.31468463  78.48052331  82.89516201  86.08759299
  91.01916512  80.41446837  98.33856964  83.13444822  82.3316705
  93.97249472  95.91685981  89.14690939  86.69980635  80.78464781
  82.90815052  83.37572046  85.35954435  82.96102548  88.26542547
  88.95788454  87.44667842 101.62192738  87.83571333  93.31151564
  91.08968693  89.28204868  95.14473285  92.44492231  85.75590505
  84.97863328  84.49022602  77.30438734  77.10291332  98.78267403
  89.87947146  84.67932943  80.94834217  84.02695285  86.53111377
  79.53779898  80.86882297  81.8329145   77.08668822  83.90634224
  79.51150872  79.25463268  86.13418304  79.65731169  81.90301193
  78.62774714  82.29396931  94.09381315  92.98422367  81.60343749
  84.45327642  89.12495097  74.57749481  74.47189478  74.47961855
  74.38031756  74.88534941  79.14019597  80.64445838  84.8606935
  76.64495964  76.55717918  79.30067723  95.1258832   86.14007347
  79.98716267  81.10650924  83.98267693  85.00734911  85.59734141
  86.11262192  79.0306248   76.1909016   76.97990402  77.06226357
  77.65945799  84.64007335  87.04687238  90.6852356   74.66808955
  88.65194393  83.02007096  89.90909637  80.10794796  78.10355797
  84.33552981  84.40229671  83.75188738  83.43935968  98.94113296
  86.27031169  76.0618848   79.9663739   83.38011103 103.15005292]
最小値:72.13283679736134
入力値:[-29.058562891499477, 16.16304675450275, -17.790632717888055]
経過時間:342.60940742492676sec
num_evaluation of BBF = 200.0