
 input_history 
[[2.9288102356394887, 12.91136198234517, 6.16580256429863], [2.692990979813814, -4.580712039665716, 8.753646783999365], [-3.744767324238449, 23.50638004692479, 27.81976563006176], [-6.993508870453336, 17.50350228495988, 1.7336951851742697], [4.082673665635937, 25.535798297559666, -25.737836508126783], [-24.77224201790756, -28.786896153580457, 19.957190732876278], [16.689405056991028, 22.200728894809153, 28.71710053396584], [17.949513853003417, -2.311238264824091, 16.83175057718733], [-22.903534447864008, 8.395261279651429, -21.398802755457215], [26.680135022975037, 1.3108993050043019, -5.120283600568584]]
最小値:87.4998067943795
入力値:[-3.744767324238449, 23.50638004692479, 27.81976563006176]
経過時間:42.49844145774841sec
num_evaluation of BBF = 10.0
 input_history 
[[-14.126663273722382, 16.454021366053, -2.630980067007087], [4.106036932118911, -28.872611973818692, 7.058129824552623], [6.725743363345288, 7.016039812485417, 26.624884710877453], [10.909217946209004, -8.42952596557284, -3.778082772039511], [11.857871755635891, -26.38647170224381, 10.00600292674006], [10.238272177089563, -17.377046335569545, -22.264422140708803], [-11.074298944548968, -8.177353743442644, 4.2118062250727775], [-3.683909192260778, 29.30243028355357, -23.877311355118316], [-17.46739463430992, -20.321428926900225, 9.186499527923907], [-14.802503847613073, -2.021353628621622, -15.334464479903836], [-20.46182498126882, -23.37749153014169, 9.379775367916409], [-21.70902291908317, -18.20505829919679, -7.876489760342153], [19.259593790876103, -24.173923452416325, 20.276694449928236], [-24.234095526362218, 28.587567900803748, -1.8809279011379054], [28.60566529142023, 6.290731184702757, 14.355814763898103], [-27.64873246474076, -13.031582245415425, -22.788206327209863], [-12.231588148671303, -22.876336862745354, -10.921009236361439], [-5.1442203291198005, -26.15115021907294, 11.54832716220119], [3.99608725239451, -14.076630543633275, 1.3948832080019784], [-24.3635693544935, 4.556789733370756, 25.757771854572844]]
最小値:84.8384934738528
入力値:[-14.802503847613073, -2.021353628621622, -15.334464479903836]
経過時間:89.60525512695312sec
num_evaluation of BBF = 30.0
 input_history 
[[-10.885862852920582, 10.0446227978209, -22.09212825573647], [12.979632247113933, -12.635634423167936, -19.00851827957299], [5.190776088604991, -28.793547228750388, 19.736401753041783], [-29.718271428447174, 10.668992207773805, -13.799521608470108], [14.111641327355692, 27.731312707046293, -15.074811388802518], [4.569440065070211, 5.522515876310344, 4.335114347452404], [-16.6151020415629, 27.164940691019098, -3.17247728294236], [20.78452034826767, 11.96875651905026, -12.15378294869198], [18.827869182148632, -6.209655549180923, 22.86619182666969], [4.876372358151521, 22.904121711291168, 11.551895404665956], [13.51525678917843, 0.07946291560213581, 27.36501808339343], [8.639411953778243, -4.568697086509218, 6.383592847675459], [-28.84840810143999, -11.905510999527039, 9.6104122495611], [-12.595343567373355, 7.080925739930493, -4.273877943254032], [-21.871556146652985, -12.103060442638153, 4.1978946420758945], [5.452365674890395, 4.459514930974727, 9.19204919142802], [9.126196200101333, -4.114893873961563, 23.792795751063778], [-7.946287797126207, -3.8481044840623895, 23.515401300940326], [18.371639342765143, 12.233315012421983, -23.986386761261933], [25.168956824680414, 12.854477972946682, 29.930820394071993]]
最小値:79.9076716233517
入力値:[14.111641327355692, 27.731312707046293, -15.074811388802518]
経過時間:84.45655107498169sec
num_evaluation of BBF = 50.0
 input_history 
[[-21.033101720520374, 22.087563442092858, -20.25042391941751], [6.933573857030652, -22.57080102903351, 20.880493759334065], [18.43913752350064, 4.146044316875596, -5.569002166440022], [-25.849980272691717, 11.845726388673818, -2.7874390393158706], [13.323335968220874, 21.98293955571775, 28.531290300173147], [21.348200543556658, -29.29715494889988, -8.401316131298167], [13.79943374544348, -19.70221936431357, 1.2621963722477574], [-26.73972069964478, -18.000208506215998, -28.888692332363163], [17.62186220144524, -16.564518716377194, -9.278899158185837], [25.684877607935455, 12.264864115411967, -28.089664228121528], [-20.118350610125233, 7.2887040899858135, 4.633715316250054], [-15.726430717529482, 26.052839875487628, 6.837957357953762], [2.1379681814974987, 5.394598581274259, 13.80732177100618], [-11.283300271223887, -6.1067362670344885, -17.40937506149267], [-18.828419647179828, 26.66234339903602, 14.373047702957251], [-0.5724714829459749, -16.355122321600604, -14.738611093776424], [-26.518250380567462, -3.9350024665127528, -11.292247080353846], [11.780609328927568, -7.334889642451145, -19.223779346421914], [-28.519276296520125, -25.965022112205084, 10.763566409914041], [-2.778189326637282, 2.1947526665233283, 23.800277582420527], [29.42033684380226, -16.986180936091564, 9.784692186006048], [-14.20065739577096, -28.76094003205628, 15.502719230168488], [-10.798970950651928, -6.992166349686123, 5.299026813216344], [19.862907314171423, 7.7389106154689244, 22.359039326843714], [-13.587477911061853, 17.882810034753824, -18.861843341642867], [27.167499418316673, 11.249296583268915, -17.069539373186494], [26.842235429335453, 13.851348406209468, -14.76350144429845], [-17.201281357951082, 1.092042835839795, -28.460236916728107], [-17.551795473533435, -4.518871874909625, -7.549801179946467], [-2.1854745381113574, -13.342277622316086, 5.2070607874901285], [21.831336355393887, -22.948088642278016, 1.0427464292468507], [-22.0759136192908, 13.011580871555623, -6.236417831562374], [3.9252787115105363, -19.00320982715528, -21.309134439397365], [-0.7166231610627278, -8.663235729002665, 26.425916715168782], [15.919515228417914, 14.919817191032841, 24.22318438475601], [-24.99465387347889, 3.1315481953443935, 5.068564137346129], [27.716182712833742, -12.47114839244707, -15.550273205073191], [-23.982363464070133, -29.01422222451155, 25.77175900753143], [10.194992795454603, 17.109174721388264, -13.096193654763056], [5.184609971179604, -26.162684032741133, -0.8623442439226245], [28.64970838466681, 22.59031471899545, -9.710462889789262], [27.694209272489914, -16.09790241172773, 26.959129344940884], [26.482662282389917, 17.9521552411435, 7.82687621200747], [22.457277997496817, -12.418782929532199, 20.936613318775095], [7.072601515051431, -29.20578853446603, -9.165988924066827], [-21.111548343110098, 28.90976338909519, -1.2977815776007162], [-0.15651807008023866, 8.368350983923413, -7.88492363222295], [-21.785983698864065, 19.327063991654732, -18.609125285834523], [0.6791389527873619, -16.540978261515644, -24.12933093035796], [21.731491045301, 28.375169341387817, 27.65007948378001]]
最小値:76.12846325739154
入力値:[27.694209272489914, -16.09790241172773, 26.959129344940884]
経過時間:225.2248456478119sec
num_evaluation of BBF = 100.0
 input_history 
[[24.393329953270737, 16.442839961918324, -10.011290878281486], [-25.133916600720195, -5.565529715171561, -16.065951469743435], [-22.05074191452102, -26.794369092790483, 13.535661852634725], [-29.314352482498137, 16.234844910166572, -21.183201275977495], [-25.228675044794656, -24.623817945683676, 10.322868441234867], [-15.277967408829314, -4.767631999194094, 3.4421274794350154], [21.633070429727624, 13.622655762679699, -13.78032568567712], [-22.111032042532344, -26.677540774728122, -11.904081931143452], [-14.272911045619306, -2.6315659919712218, 10.996880132860824], [11.737526738331432, -12.988869205070003, -7.204382645992769], [-19.130942295785818, 17.312730738391124, -26.589115414005583], [11.819834503499237, 16.721723756466204, 16.64445371092519], [-14.434646139278705, -7.571211724046314, 5.255978111783342], [-13.63068585453198, -7.748832046926676, -18.17674318886162], [-2.408646974639556, -27.323261924753155, 17.987753074237084], [-25.382613180802036, 1.1301089298915628, -11.591394027288231], [4.652576929882528, 27.56600045000551, 8.734214667360234], [-27.878253854670547, -4.175853629516325, 0.6010111390950144], [2.17064968220712, 10.883550636230275, -13.344234136094034], [-22.26836607202079, -6.43945940717434, 27.384343367756927], [-18.772146494949315, 24.239037295694224, 2.6283570046395823], [-2.5853147012540525, 22.922484613793372, -2.4837622938848476], [13.450058196692595, -6.058480697813881, 24.242663574057467], [11.401501211473644, 11.977323255031003, -10.336775906572868], [15.40671856421335, 8.163663326828477, -15.598783597217427], [-20.367670650884616, 17.783488471039902, 27.549996182113347], [-2.5116703643974283, 5.459049919421098, 21.463358651613277], [-2.566592798768575, 27.112468609964168, 4.545069722692347], [19.246027242078895, 24.530623104764302, 18.931429126114132], [-20.435132193062643, 7.733906343702024, -6.093944482819374], [-26.23722287859926, -4.558064886609483, -14.478955986635537], [20.942298505710646, -28.00172240719823, 27.538963311808416], [-8.677869091684222, -8.597586575847426, -29.020289838977526], [-18.886060485828963, -5.924429951783477, 25.757485038162834], [-24.02310418672372, 26.71809200874477, 22.16931183279793], [-2.750256185546892, -10.397947093904396, -16.03535224325659], [6.867882388612458, -28.015524511469664, -29.063636133190307], [-4.2722566501057315, -25.91555556151679, -14.883540705234426], [-16.73034507923497, -14.808528376628885, -22.136686127084534], [-29.277826626140744, -23.070942171675114, 7.108815570764875], [28.45537276908302, 29.420700093653636, -5.456754277616305], [-20.222734437203677, 8.325705441991758, -0.5816792070757728], [29.36458663706589, -26.08174757089319, 16.994066298828784], [-12.696090160110366, -15.51488279540556, 9.750274291960558], [-15.236208900542131, 9.95154705355126, 1.0385110321373254], [-4.554660693849041, 3.281268519685142, -12.776908804822217], [12.394482376378733, -5.108587839986157, -8.367266370846465], [19.719414873344263, 25.49801471719153, -27.239561346762184], [-16.04238043021407, -9.088837830446206, 18.897988762214844], [29.12948565859785, 28.138302280221104, 24.29690073299561]]
最小値:76.12846325739154
入力値:[27.694209272489914, -16.09790241172773, 26.959129344940884]
経過時間:236.24891209602356sec
num_evaluation of BBF = 150.0
 input_history 
[[-12.206624096158208, 29.520674604868447, -15.034797536612928], [-23.64563070706607, 27.057156663323646, -15.994784671914221], [11.386095904665027, -26.498618461164682, 13.842545947648567], [22.903212740030384, -13.65378627204225, -7.256586235354288], [-7.542229000745035, 14.92729545240799, -15.731565447657669], [-19.68881405714142, -3.0425010787357145, -11.73189555736083], [20.351347335519144, -15.735490439061675, 0.14336744935568646], [26.555015981875826, 8.039861864679644, 22.037364327747888], [26.412581361286044, 15.045891713181113, 11.974503613485084], [28.07793399625362, 29.664047378860765, -2.8906990398144217], [-25.7478133089475, -12.432358113568867, -20.858717658736172], [-4.95081751223929, -22.12264029160464, 6.247068241252919], [-7.0315164505287555, 23.7231530572926, 28.06768030791011], [2.81309410016533, -13.510585807944203, 5.533825125710209], [23.805669493464592, -5.5959992498551046, 3.1246966015182522], [-13.700833943631249, -2.673351032998383, -5.897187877224081], [-15.095192095021739, 0.35198302951850025, -11.377150441211313], [-7.61790816715515, 1.4982265352558564, 15.03570137573925], [-9.989552052523479, 25.449525997245814, 21.73911281015414], [-27.078582241468286, -14.781448544590635, -3.2318692404478853], [-23.722326675451555, -9.091440657990177, 14.405851537060947], [10.830868868569553, 7.343065713960293, 12.631704163340736], [-17.704578782417894, -9.498113108116073, 10.574548936647773], [22.754085781879624, 2.62068322968571, -13.038020943267803], [-28.185884519641043, 12.6202097384528, -29.52695378949358], [-7.63925581074027, 1.832232873766909, 25.326687706031585], [-24.630327298025993, -5.643460681902976, -28.541208017390534], [-9.44334093950458, 7.333863530387696, -13.255923106284097], [-17.415003020661892, -23.05780600037438, 4.628414641220509], [11.716200354281163, 10.317428435749342, 26.931661243230444], [-29.837807166389837, 8.831799233642158, 6.02353422585837], [5.324376598217292, 27.766219190414546, -28.98769959779762], [11.788945842087003, 18.820718982111806, 0.5884317972950477], [-9.962107824191449, 17.450409793644297, -24.16542446205452], [-3.477861736204485, 1.1971424742502919, 11.637384656072854], [-24.546856078055434, -16.334429907728342, -5.381906238592464], [7.3976803812078415, 23.217646873045048, 7.129570094482588], [-21.992311743903933, 28.83480796723694, 22.307144085329575], [0.16324566871944413, 25.34087890779798, 2.4828476254281497], [25.39836407334979, 19.793842116200594, 28.097184617657838], [25.1869686466895, -27.83797095428583, -19.513679750343602], [-6.651919373928855, 27.128561837725243, -11.998264831444224], [-20.37194136674394, 23.178279965193596, -3.2163350710078262], [24.472535661259563, -20.386172020791406, 9.667050690485972], [-3.5841748302304914, -25.410793858182878, 11.787788679150033], [-15.156074667650778, -27.623068645228937, -26.403342105025605], [-26.33528777599276, 24.463977449102366, 14.393035069746063], [23.883741432824102, 10.354938677791282, 1.7363957418529878], [-11.733218139157305, 29.87773507972041, -8.268656463636638], [-1.761063047165429, -7.305289504592295, 28.771615760127517]]
最小値:72.2328006024506
入力値:[-23.64563070706607, 27.057156663323646, -15.994784671914221]
経過時間:225.730810880661sec
num_evaluation of BBF = 200.0