
BO_ratio_matrix = 
[[72.1328368]
 [72.1328368]
 [72.1328368]
 [72.1328368]
 [72.1328368]
 [72.1328368]]
RS_ratio_matrix = 
[[87.49980679]
 [84.83849347]
 [79.90767162]
 [76.12846326]
 [76.12846326]
 [72.2328006 ]]
Mean Accumulated PREC(%) 1 times; BBF=[ 10.  30.  50. 100. 150. 200.]
BO_vec=array([72.1328368, 72.1328368, 72.1328368, 72.1328368, 72.1328368,
       72.1328368])
RS_vec=array([87.49980679, 84.83849347, 79.90767162, 76.12846326, 76.12846326,
       72.2328006 ])
Median Accumulated PREC(%) 1 times; BBF=[ 10.  30.  50. 100. 150. 200.]
BO_vec=array([72.1328368, 72.1328368, 72.1328368, 72.1328368, 72.1328368,
       72.1328368])
RS_vec=array([87.49980679, 84.83849347, 79.90767162, 76.12846326, 76.12846326,
       72.2328006 ])
Min Accumulated PREC(%) 1 times; BBF=[ 10.  30.  50. 100. 150. 200.]
BO_vec=array([72.1328368, 72.1328368, 72.1328368, 72.1328368, 72.1328368,
       72.1328368])
RS_vec=array([87.49980679, 84.83849347, 79.90767162, 76.12846326, 76.12846326,
       72.2328006 ])
Max Accumulated PREC(%) 1 times; BBF=[ 10.  30.  50. 100. 150. 200.]
BO_vec=array([72.1328368, 72.1328368, 72.1328368, 72.1328368, 72.1328368,
       72.1328368])
RS_vec=array([87.49980679, 84.83849347, 79.90767162, 76.12846326, 76.12846326,
       72.2328006 ])