
 input
[[5.570677093501104, 20.655944914861053, 21.47673705736542], [20.83510432704754, 7.4138218071583495, -6.937097562438005], [-12.14792360733166, -26.59722136095341, -13.640622325193206], [-30.0, -30.0, -13.1808941159398], [-29.058566200681568, 16.16304620691976, -17.793908165162698]]
 output
 [ 96.97168401 104.15730786  86.34520436  86.48097786  69.64205087]
最小値:69.64205087244983
入力値:[-29.058566200681568, 16.16304620691976, -17.793908165162698]
経過時間:31.582712650299072sec
num_evaluation of BBF = 5.0
 input
[[5.570677093501104, 20.655944914861053, 21.47673705736542], [20.83510432704754, 7.4138218071583495, -6.937097562438005], [-12.14792360733166, -26.59722136095341, -13.640622325193206], [-30.0, -30.0, -13.1808941159398], [-29.058566200681568, 16.16304620691976, -17.793908165162698], [-28.471449536228917, 22.801057532950082, -19.49064318022139], [-29.67971721122181, 3.1132824577086993, -17.03208857714199], [-14.469222588782122, 25.840861818151765, 19.72170474710518], [-14.032132190648218, 29.15120552421625, -29.077565348739952], [-27.757677863165775, 14.395225829706263, 28.555942782325438]]
 output
 [ 96.97168401 104.15730786  86.34520436  86.48097786  69.64205087
  87.37461448  93.83828652  75.53761919  73.98695229  89.47580855]
最小値:69.64205087244983
入力値:[-29.058566200681568, 16.16304620691976, -17.793908165162698]
経過時間:30.724193811416626sec
num_evaluation of BBF = 10.0