
 input_history 
[[2.9288102356394887, 12.91136198234517], [6.16580256429863, 2.692990979813814], [-4.580712039665716, 8.753646783999365], [-3.744767324238449, 23.50638004692479], [27.81976563006176, -6.993508870453336], [17.50350228495988, 1.7336951851742697], [4.082673665635937, 25.535798297559666], [-25.737836508126783, -24.77224201790756], [-28.786896153580457, 19.957190732876278], [16.689405056991028, 22.200728894809153], [28.71710053396584, 17.949513853003417], [-2.311238264824091, 16.83175057718733], [-22.903534447864008, 8.395261279651429], [-21.398802755457215, 26.680135022975037], [1.3108993050043019, -5.120283600568584]]
最小値:86.39655731794545
入力値:[-22.903534447864008, 8.395261279651429]
経過時間:62.466763734817505sec
num_evaluation of BBF = 15.0
 input_history 
[[-14.126663273722382, 16.454021366053], [-2.630980067007087, 4.106036932118911], [-28.872611973818692, 7.058129824552623], [6.725743363345288, 7.016039812485417], [26.624884710877453, 10.909217946209004], [-8.42952596557284, -3.778082772039511], [11.857871755635891, -26.38647170224381], [10.00600292674006, 10.238272177089563], [-17.377046335569545, -22.264422140708803], [-11.074298944548968, -8.177353743442644], [4.2118062250727775, -3.683909192260778], [29.30243028355357, -23.877311355118316], [-17.46739463430992, -20.321428926900225], [9.186499527923907, -14.802503847613073], [-2.021353628621622, -15.334464479903836]]
最小値:82.7351748605929
入力値:[-28.872611973818692, 7.058129824552623]
経過時間:61.55565094947815sec
num_evaluation of BBF = 30.0
 input_history 
[[-20.46182498126882, -23.37749153014169], [9.379775367916409, -21.70902291908317], [-18.20505829919679, -7.876489760342153], [19.259593790876103, -24.173923452416325], [20.276694449928236, -24.234095526362218], [28.587567900803748, -1.8809279011379054], [28.60566529142023, 6.290731184702757], [14.355814763898103, -27.64873246474076], [-13.031582245415425, -22.788206327209863], [-12.231588148671303, -22.876336862745354], [-10.921009236361439, -5.1442203291198005], [-26.15115021907294, 11.54832716220119], [3.99608725239451, -14.076630543633275], [1.3948832080019784, -24.3635693544935], [4.556789733370756, 25.757771854572844], [-10.885862852920582, 10.0446227978209], [-22.09212825573647, 12.979632247113933], [-12.635634423167936, -19.00851827957299], [5.190776088604991, -28.793547228750388], [19.736401753041783, -29.718271428447174]]
最小値:79.86060857025285
入力値:[19.259593790876103, -24.173923452416325]
経過時間:86.36750316619873sec
num_evaluation of BBF = 50.0
 input_history 
[[10.668992207773805, -13.799521608470108], [14.111641327355692, 27.731312707046293], [-15.074811388802518, 4.569440065070211], [5.522515876310344, 4.335114347452404], [-16.6151020415629, 27.164940691019098], [-3.17247728294236, 20.78452034826767], [11.96875651905026, -12.15378294869198], [18.827869182148632, -6.209655549180923], [22.86619182666969, 4.876372358151521], [22.904121711291168, 11.551895404665956], [13.51525678917843, 0.07946291560213581], [27.36501808339343, 8.639411953778243], [-4.568697086509218, 6.383592847675459], [-28.84840810143999, -11.905510999527039], [9.6104122495611, -12.595343567373355], [7.080925739930493, -4.273877943254032], [-21.871556146652985, -12.103060442638153], [4.1978946420758945, 5.452365674890395], [4.459514930974727, 9.19204919142802], [9.126196200101333, -4.114893873961563], [23.792795751063778, -7.946287797126207], [-3.8481044840623895, 23.515401300940326], [18.371639342765143, 12.233315012421983], [-23.986386761261933, 25.168956824680414], [12.854477972946682, 29.930820394071993], [-21.033101720520374, 22.087563442092858], [-20.25042391941751, 6.933573857030652], [-22.57080102903351, 20.880493759334065], [18.43913752350064, 4.146044316875596], [-5.569002166440022, -25.849980272691717], [11.845726388673818, -2.7874390393158706], [13.323335968220874, 21.98293955571775], [28.531290300173147, 21.348200543556658], [-29.29715494889988, -8.401316131298167], [13.79943374544348, -19.70221936431357], [1.2621963722477574, -26.73972069964478], [-18.000208506215998, -28.888692332363163], [17.62186220144524, -16.564518716377194], [-9.278899158185837, 25.684877607935455], [12.264864115411967, -28.089664228121528], [-20.118350610125233, 7.2887040899858135], [4.633715316250054, -15.726430717529482], [26.052839875487628, 6.837957357953762], [2.1379681814974987, 5.394598581274259], [13.80732177100618, -11.283300271223887], [-6.1067362670344885, -17.40937506149267], [-18.828419647179828, 26.66234339903602], [14.373047702957251, -0.5724714829459749], [-16.355122321600604, -14.738611093776424], [-26.518250380567462, -3.9350024665127528]]
最小値:79.86060857025285
入力値:[19.259593790876103, -24.173923452416325]
経過時間:213.47944831848145sec
num_evaluation of BBF = 100.0
 input_history 
[[-11.292247080353846, 11.780609328927568], [-7.334889642451145, -19.223779346421914], [-28.519276296520125, -25.965022112205084], [10.763566409914041, -2.778189326637282], [2.1947526665233283, 23.800277582420527], [29.42033684380226, -16.986180936091564], [9.784692186006048, -14.20065739577096], [-28.76094003205628, 15.502719230168488], [-10.798970950651928, -6.992166349686123], [5.299026813216344, 19.862907314171423], [7.7389106154689244, 22.359039326843714], [-13.587477911061853, 17.882810034753824], [-18.861843341642867, 27.167499418316673], [11.249296583268915, -17.069539373186494], [26.842235429335453, 13.851348406209468], [-14.76350144429845, -17.201281357951082], [1.092042835839795, -28.460236916728107], [-17.551795473533435, -4.518871874909625], [-7.549801179946467, -2.1854745381113574], [-13.342277622316086, 5.2070607874901285], [21.831336355393887, -22.948088642278016], [1.0427464292468507, -22.0759136192908], [13.011580871555623, -6.236417831562374], [3.9252787115105363, -19.00320982715528], [-21.309134439397365, -0.7166231610627278], [-8.663235729002665, 26.425916715168782], [15.919515228417914, 14.919817191032841], [24.22318438475601, -24.99465387347889], [3.1315481953443935, 5.068564137346129], [27.716182712833742, -12.47114839244707], [-15.550273205073191, -23.982363464070133], [-29.01422222451155, 25.77175900753143], [10.194992795454603, 17.109174721388264], [-13.096193654763056, 5.184609971179604], [-26.162684032741133, -0.8623442439226245], [28.64970838466681, 22.59031471899545], [-9.710462889789262, 27.694209272489914], [-16.09790241172773, 26.959129344940884], [26.482662282389917, 17.9521552411435], [7.82687621200747, 22.457277997496817], [-12.418782929532199, 20.936613318775095], [7.072601515051431, -29.20578853446603], [-9.165988924066827, -21.111548343110098], [28.90976338909519, -1.2977815776007162], [-0.15651807008023866, 8.368350983923413], [-7.88492363222295, -21.785983698864065], [19.327063991654732, -18.609125285834523], [0.6791389527873619, -16.540978261515644], [-24.12933093035796, 21.731491045301], [28.375169341387817, 27.65007948378001]]
最小値:79.86060857025285
入力値:[19.259593790876103, -24.173923452416325]
経過時間:211.81202721595764sec
num_evaluation of BBF = 150.0
 input_history 
[[24.393329953270737, 16.442839961918324], [-10.011290878281486, -25.133916600720195], [-5.565529715171561, -16.065951469743435], [-22.05074191452102, -26.794369092790483], [13.535661852634725, -29.314352482498137], [16.234844910166572, -21.183201275977495], [-25.228675044794656, -24.623817945683676], [10.322868441234867, -15.277967408829314], [-4.767631999194094, 3.4421274794350154], [21.633070429727624, 13.622655762679699], [-13.78032568567712, -22.111032042532344], [-26.677540774728122, -11.904081931143452], [-14.272911045619306, -2.6315659919712218], [10.996880132860824, 11.737526738331432], [-12.988869205070003, -7.204382645992769], [-19.130942295785818, 17.312730738391124], [-26.589115414005583, 11.819834503499237], [16.721723756466204, 16.64445371092519], [-14.434646139278705, -7.571211724046314], [5.255978111783342, -13.63068585453198], [-7.748832046926676, -18.17674318886162], [-2.408646974639556, -27.323261924753155], [17.987753074237084, -25.382613180802036], [1.1301089298915628, -11.591394027288231], [4.652576929882528, 27.56600045000551], [8.734214667360234, -27.878253854670547], [-4.175853629516325, 0.6010111390950144], [2.17064968220712, 10.883550636230275], [-13.344234136094034, -22.26836607202079], [-6.43945940717434, 27.384343367756927], [-18.772146494949315, 24.239037295694224], [2.6283570046395823, -2.5853147012540525], [22.922484613793372, -2.4837622938848476], [13.450058196692595, -6.058480697813881], [24.242663574057467, 11.401501211473644], [11.977323255031003, -10.336775906572868], [15.40671856421335, 8.163663326828477], [-15.598783597217427, -20.367670650884616], [17.783488471039902, 27.549996182113347], [-2.5116703643974283, 5.459049919421098], [21.463358651613277, -2.566592798768575], [27.112468609964168, 4.545069722692347], [19.246027242078895, 24.530623104764302], [18.931429126114132, -20.435132193062643], [7.733906343702024, -6.093944482819374], [-26.23722287859926, -4.558064886609483], [-14.478955986635537, 20.942298505710646], [-28.00172240719823, 27.538963311808416], [-8.677869091684222, -8.597586575847426], [-29.020289838977526, -18.886060485828963]]
最小値:79.86060857025285
入力値:[19.259593790876103, -24.173923452416325]
経過時間:212.30442571640015sec
num_evaluation of BBF = 200.0
 input_history 
[[-4.978679717845559, 13.219469606529486], [-29.993137510959308, -11.860045642089613], [-21.194646550973218, -24.45968431387213], [-18.824387317339745, -9.266356377417136], [-6.193951546159802, 2.3290040402014185], [-4.848329135802313, 11.113170023805573], [-17.732865016108953, 22.687046183456722], [-28.35674440812443, 10.22805061070413], [-4.961711857972382, 3.521389706745097], [-21.576783684285974, -18.113910654907272], [18.0446741205322, 28.09569454316385], [-11.194549310445431, 11.539356940158846], [22.583349137762298, 23.67639981023084], [-24.897347317813328, -27.656713006027058], [-19.810174826125866, 22.68855020576479]]
最小値:83.48232323013701
入力値:[-28.35674440812443, 10.22805061070413]
経過時間:63.883864402770996sec
num_evaluation of BBF = 15.0
 input_history 
[[-24.099189970016994, -4.7335424996968705], [27.473371809030112, 1.9899170983810244], [11.5126268370284, -11.069062139636223], [11.19005566089502, 20.077540313842377], [-28.902703359348493, 15.008658896698051], [29.331665334389683, 14.889939262790364], [-13.173360476135688, 17.35675970708931], [-23.806439605341478, -3.12638842944569], [24.51573018558573, -12.38315109757923], [-12.733479684819077, -22.19828567290334], [-28.837982527782174, 10.730131976393459], [-17.302313039996456, -14.067200437666427], [-0.5056104431797017, -26.798247292975176], [4.447056329520784, -21.19628550565139], [5.3583322141970555, 11.98550160125587]]
最小値:83.48232323013701
入力値:[-28.35674440812443, 10.22805061070413]
経過時間:63.428850173950195sec
num_evaluation of BBF = 30.0
 input_history 
[[-23.85993427033045, -5.156640730825902], [11.664009463664705, -5.149243828385842], [-27.00279246323477, 2.1537843549306928], [9.827678713187332, 0.8933467234985137], [26.6756853594488, 5.193302430119573], [24.20411491727301, -21.751517751225748], [-21.643419164954487, 18.443477322571425], [-6.139389780867987, -20.078748172984035], [25.650514823762038, -9.134048415269607], [15.048726188169333, 13.559879121027087], [22.99836547234859, 7.420332423336532], [15.056546041640232, -9.066099481329449], [-13.804326494098436, 23.753173091764012], [-4.3145286077223055, 27.890402828903134], [9.806489869106883, 7.301743212547308], [-23.11524162279749, 26.969355522424273], [-3.0052719912035677, 4.703376863227909], [-5.51179183432313, -15.778381185418338], [24.202771233735227, 4.420769200337148], [-29.827780378130463, 7.028694817243434]]
最小値:83.48232323013701
入力値:[-28.35674440812443, 10.22805061070413]
経過時間:85.71357607841492sec
num_evaluation of BBF = 50.0
 input_history 
[[-10.40130589367423, 1.6234861354565595], [23.15652595864647, -8.563814399850013], [24.51210905518795, 7.401606947508164], [-29.050725429206622, 25.766234024625675], [11.45381505101544, 29.83937102708883], [-19.659569499280288, -21.771855022267335], [25.955727782229815, 11.809089689394007], [-26.03998963667625, 15.32778315614798], [15.232571307674782, 25.381472132789], [12.691485517708308, -22.54374228167012], [-28.807191969612266, -28.427340787336842], [-28.301610718752322, -15.227335943817247], [21.601676920973283, 2.3298638604991737], [3.169318721145956, 20.52185354157634], [-22.549601092805332, -13.24897925933163], [5.145556287497271, 28.175744899180472], [3.6618131553425997, -28.88116263762342], [18.037960360836976, -16.021543569538775], [18.426311737126746, -6.728361356149694], [21.81251127356572, 14.827298564231079], [3.374414039425133, -21.812686460358897], [-26.4049386292673, -22.719392655555758], [-27.326887287314296, -23.550352253634426], [-16.45743968352872, 12.779338822960597], [3.583018923248545, -29.246641190453047], [-25.681543218630793, 28.03657980001632], [4.086027715196529, -17.802405920340572], [-14.860455325780595, 14.629551244505578], [-18.27423113344087, 4.881535636395469], [28.20119934529874, 20.809728089402114], [-15.609134451144831, -0.37381714387620235], [7.197343102882783, 19.738853973010727], [-20.592516321234946, -28.88542786935543], [-25.79867137684666, -0.8192933437780923], [6.379767699199817, 4.131086225188881], [-10.958255440670357, 29.31696926474693], [4.784713154747813, -7.191529642586975], [3.056893147073808, 14.720065854390128], [10.153973607191077, -14.104826540231436], [-26.019909934293505, -7.794948125153624], [7.783050421293872, -17.389559405109623], [15.165333224328833, -26.007811118753104], [-14.381094085287543, 18.285273824600722], [-18.393943042600334, 8.367652852796411], [1.4802185474240233, 25.48847822396104], [-14.202193770773341, -26.042334558958572], [14.10395779732017, 16.330681772594808], [24.46895115021144, 25.91832415181024], [-29.16290562146418, -15.93827483271477], [7.006701420099461, 26.940979241256983]]
最小値:82.47531044118676
入力値:[7.783050421293872, -17.389559405109623]
経過時間:209.79639601707458sec
num_evaluation of BBF = 100.0
 input_history 
[[27.010567154824784, 3.3991912917093856], [24.93638098597647, 8.493972536780255], [-6.599537151525226, -0.840559974185414], [6.258628975198391, 2.9728752905137554], [25.57088560238722, 25.12400613801637], [-6.307463224586705, 27.795751706442708], [-19.56265999917214, -22.42022883362176], [-21.89525051719612, 0.33972994061380035], [-28.70851168354812, 26.878212673060858], [19.62692827024395, -29.098861155472658], [-19.428224665496685, -10.07618553798978], [-22.140189311344987, 18.569441527594925], [-9.315800839002392, 26.40644894000203], [4.920850796824801, 22.729919064710643], [20.684066723533313, 24.32353912251895], [-2.4071840509915816, 2.780808961222398], [17.916215469122363, -12.856868895951145], [-0.5847886428043374, 5.9466184587527025], [-29.068003466949857, 5.608884491798229], [-3.9794190606325017, 18.44163173309049], [-11.085311814277624, 23.573322511509083], [4.671432917072131, -18.9593879023521], [17.275754029530255, 6.721870622696038], [-26.765443675574822, -4.788379199932066], [10.744130193925777, 25.116106678651548], [-29.975878506518555, 28.60554894186358], [-7.405181115253534, 28.427012301499353], [6.282966058443179, 19.730748478841576], [4.482690282486139, 7.684571898441021], [-12.865423098258365, 5.2100004393649755], [15.001305822159594, 21.49883018574254], [15.304931308060809, 11.883434906838183], [21.86876580327599, -10.639140189795214], [10.247327447255238, -2.94756381519905], [-7.073834878108968, -5.351319004668863], [-5.911224991827563, -10.956963242503384], [7.315162075218083, -4.18516375072414], [28.428124675635132, 10.668053486058668], [-18.085806694373346, -4.3979394391180335], [-9.399225613534618, 17.858328237513994], [22.799897313805907, 24.230517349582314], [9.763188742515737, -13.787504278214534], [-14.857997909724617, 21.293876561844144], [1.6628787785247994, 18.12966504027588], [4.349311031496377, 13.98855151725067], [1.14069764784335, 16.253034630113277], [4.131479442282931, -2.0574072844811475], [-9.438665522803092, -25.907439094997752], [-7.32454924031401, -25.22243533810486], [28.969026823826702, -19.103228920154173]]
最小値:82.47531044118676
入力値:[7.783050421293872, -17.389559405109623]
経過時間:211.1716890335083sec
num_evaluation of BBF = 150.0
 input_history 
[[18.711521863232385, 22.49769869735389], [11.304795143156596, 4.16966476472254], [-20.341713791063473, -1.9871986342016221], [-9.2896769306871, -16.497602531154925], [5.550712125947804, -11.263809737884984], [24.97833320810104, 24.578131497093423], [-14.572902373068228, -23.34652195535825], [-18.42223607885323, -0.024949759266835514], [13.715140078475777, -17.508333695472512], [-15.117986497366156, 21.10031249618202], [-5.049076903948361, 7.00110402931417], [-15.980031645644996, -23.881964434452154], [0.9514210181117875, -1.3715407770130597], [-20.839701354410206, 7.308373904424933], [2.6406071288362867, 9.24824081824466], [-21.32726759252041, 15.09166902811463], [-16.67705161200464, 1.1611094619619813], [17.117761693297133, -28.660174320491627], [-10.538252416428811, 22.37534258400666], [20.682576456124174, 2.3064355556726213], [21.99649644999078, 26.988359481217593], [19.58441985776048, 21.24692663019232], [-24.0753958907791, 9.07825994045946], [12.211019289159175, 6.614448758797778], [17.976915704161684, -27.925726807701945], [16.214324073298798, 13.90371604437162], [-14.418096402098815, -14.575842070671198], [7.938199045807664, -9.282152304535106], [17.79532068043725, -3.231226079792563], [16.964964887050314, 29.42830701743044], [-11.985099627965997, -21.419650304514036], [24.07850618095643, 2.493562733242399], [28.484422251304935, 8.196264000113835], [29.63478147662874, 2.764248248577097], [1.585556034331276, -21.874325815669806], [-8.657689740967133, -28.426885962217604], [-20.376289228821054, 14.738231562449762], [-28.17601860427267, -8.00741416537534], [21.740775170282646, 11.560663050441256], [11.456528523970114, -18.681791942681347], [-3.4857431550945996, 4.894644440657473], [29.385102459822313, -17.76562648601269], [-15.136025894258708, -14.269614973625284], [15.010344797879569, -2.5814803538584314], [-26.5842336953343, 0.5109744366143758], [-17.282390121379443, 17.916254685612614], [-12.160117109563664, -28.343639282729782], [5.605946967877259, 20.630425735871327], [-7.13903255626715, 14.991498643568605], [0.6684886978276907, 2.457108297731317]]
最小値:81.35290069873011
入力値:[11.456528523970114, -18.681791942681347]
経過時間:208.05909037590027sec
num_evaluation of BBF = 200.0
 input_history 
[[-3.8403058714797744, -28.44442609032652], [2.9797486727225504, -3.880656442903387], [-4.7779318747506565, -10.179910739767553], [-17.72108195772945, 7.156257981039822], [-12.02071957952861, -13.990363493828003], [7.268029966157691, 1.7485256566223448], [-21.925203279303986, 0.8146872759447845], [-18.933608061185083, 17.120108869000404], [21.238517558369324, -0.3457897570843329], [20.793689121448082, -25.22127137945634], [0.31476540730223945, -26.082809736787315], [-4.312660344156633, -24.208145060363247], [-22.370401697923352, 5.804718538715747], [-16.439279963745847, -23.58325894140102], [-16.781627575766418, -9.010422899802045]]
最小値:78.27949841040572
入力値:[20.793689121448082, -25.22127137945634]
経過時間:62.007272720336914sec
num_evaluation of BBF = 15.0
 input_history 
[[-1.9327509250619848, -17.89540642410208], [8.42440351289489, -1.0158098668949016], [0.3142032011129494, -6.786440932886443], [17.618247266494627, 4.800250732668395], [-20.26208408986117, 12.045140796429372], [27.873064805355313, 0.0005016702130049566], [23.371203836768693, -9.503180839733421], [4.028647657662553, -4.347242202233396], [-3.7951642183920598, 16.593551099826016], [2.136250409859379, 27.224533616692], [2.6524896088861283, -25.074304663498513], [-8.019455899498777, 21.0510302402701], [-5.623497417122952, -28.367858046309024], [-15.1693656601588, -25.97133775578272], [29.63112068527637, 28.234818802630414]]
最小値:78.27949841040572
入力値:[20.793689121448082, -25.22127137945634]
経過時間:63.72074627876282sec
num_evaluation of BBF = 30.0
 input_history 
[[18.015501067955206, 6.109027284328043], [15.897591627100894, -19.846473204949326], [-12.418606090833613, 1.4440125180218537], [-8.602543132634466, -27.259262085275996], [28.989206721432765, -3.5187048387091977], [0.24002636274915545, -10.587520947918069], [-14.415314835171777, -6.786606880754256], [19.92101397807005, 14.204823377226774], [-7.247365983501751, -29.218959798326964], [17.844296341955612, -13.836672144221929], [4.961093311742076, -28.466943489018433], [9.732121156099545, -6.748594447603111], [-0.1755720759292423, -5.105649757518766], [-8.94768592190157, 3.0586743194651547], [28.374641392489494, -23.23342708571571], [-11.204488294217185, -27.492137411081398], [14.30398551725402, 9.45074325954264], [-17.121855216002782, -4.994793588279773], [8.6305160488917, 9.688879602926484], [-19.77137199097376, 22.899134144912914]]
最小値:77.61474239125337
入力値:[15.897591627100894, -19.846473204949326]
経過時間:83.48642611503601sec
num_evaluation of BBF = 50.0
 input_history 
[[16.680489588508095, -21.962747509698538], [22.13499758592473, 14.92667269661127], [17.91513924594485, 2.6007138350341634], [-16.749725096312286, 25.10751879537603], [5.525074659982579, -9.225725432691213], [-14.173288243198813, 24.83492862990792], [-4.815872321590756, 2.4114909400278535], [6.506529468302979, 19.57498970604948], [7.41379107372785, -19.397270304934437], [5.47544115921275, -0.6440299803084528], [2.8744668054225997, 11.971237187432891], [-15.251330165752158, -18.80237126481119], [-23.365011132230336, -13.55644484783678], [-29.384997636024547, 7.761583369774932], [-12.289661686815453, -18.762807317886136], [-24.282716864351777, -12.974651552084723], [-17.104536952158284, -12.863775965345859], [-1.7154085518192588, 2.969809265304484], [20.706786934482096, 29.310582047049863], [-27.06791482623892, -16.072904913830165], [8.59868563489411, -20.3120062264994], [22.208753602140092, -16.955854421698444], [14.505302333006938, 9.181230793866064], [17.93313069027778, -28.125146264084304], [-16.22555827533929, 12.277649947227552], [-24.746249459932628, -28.16463100834084], [-8.571903978026356, 5.3869194883058285], [-26.866636356950387, -26.06018002761735], [-27.389928836417063, -6.290954491949773], [10.105622760963463, -18.118373291029823], [22.57598710224954, -4.056654273309157], [7.17848782259788, -12.574395423900697], [6.915274407856572, 27.219597742939357], [-3.119117008554621, -17.577009704801146], [-4.477962485676812, -3.325544114174537], [0.4570492003176838, 1.5439949886574738], [-27.45424848704723, -20.1348548297928], [-2.986369222957606, 12.478270237135249], [16.655274498332012, 16.626179968178683], [0.16672515055328674, 27.404855598434857], [-10.087577247607449, -1.1125102592380074], [14.902439960462182, 21.470371106370834], [-5.13239669202531, 20.921070856039407], [-3.3257434949574467, 12.944825057181255], [-29.493098185270817, -28.487914579755063], [26.42702961252531, -23.871723106128393], [9.718067426382461, -13.004475370732752], [-17.949459373473275, -6.699949073114453], [25.554095790509955, 4.216452585043143], [25.00287671747295, 12.135854449183498]]
最小値:77.61474239125337
入力値:[15.897591627100894, -19.846473204949326]
経過時間:206.79791593551636sec
num_evaluation of BBF = 100.0
 input_history 
[[0.07298710122521612, 0.3652100107583287], [-16.870752820237634, -29.720188635897006], [-4.929825359837054, 3.8025666203421054], [22.593712105399625, 10.655090413674564], [20.539982766208276, 25.569677215495197], [26.466952418017335, 18.96114911546364], [-22.11632367123337, -9.20219910058416], [-17.48985032846865, 22.042892229391406], [17.539813158375473, -9.059901558968434], [4.148431923338123, 18.307892415342096], [19.989674684038576, -17.65237938299568], [13.840812031566934, 18.20484984956694], [-27.412257818798235, -23.568755746105204], [-3.8949810084703422, -16.747126688355355], [22.83732396994084, 13.181252263464678], [12.780437612818858, 16.191579419562117], [-10.155178429835715, -16.283384890014066], [7.580637552061582, -5.131245028476648], [26.206864334051154, 8.547145134167536], [-6.7859794192579095, 21.307179648251434], [-7.152444977027518, -19.30141033333679], [16.899565539964883, -1.667484755051916], [-14.431175735743373, 11.543954752873859], [28.829104739926706, -15.224784661932611], [17.414628155642717, 15.740114653443534], [-22.79761246935516, 20.33415567354004], [-2.2956657146080985, -22.453117046814747], [2.180608385764117, -12.209234952322259], [-19.456548404596163, -25.24570975795202], [-18.06605449023005, -4.224682856615175], [8.508705817729897, -24.757249272612217], [12.943835266257913, -23.895311342197076], [-19.464055745470688, 12.799293729444635], [23.11582046462935, 28.988301662584334], [9.174417042072868, -1.3358188196174758], [-24.732746706900333, 3.5370476818366043], [-19.130986235481213, 0.8641236282732372], [6.535808936063496, 19.992749407356257], [-10.574965064631211, 29.33172559918239], [29.697015598067594, 19.569049166387806], [11.649152725511001, 14.0201878858186], [22.516128588279756, 27.090608900743938], [21.135775595853076, 8.456318386731851], [-25.590096917133806, 7.40308285775032], [-8.807166492868888, -20.113282606542217], [23.589971194022603, 19.493428872400763], [1.598305431170001, -2.1930446307856535], [-0.641922712372466, -14.356798816832878], [-5.841724612011156, -3.799807216378202], [-29.096631945097798, 23.57435298472295]]
最小値:77.61474239125337
入力値:[15.897591627100894, -19.846473204949326]
経過時間:206.37024784088135sec
num_evaluation of BBF = 150.0
 input_history 
[[-28.251040929149298, -7.626426959296431], [-24.24760111843367, -18.182140778997688], [26.54523674382859, -7.723729699926217], [13.740048109288615, -22.430393482258708], [-14.92302469756744, 22.874117827273892], [24.197769029340925, -12.74188450704672], [28.02678789073778, 10.085960137511456], [0.18040641205959318, -7.31985548108667], [-9.7579023422125, 27.120642304980066], [11.600029715353372, 2.0461020044002325], [-27.390618123823355, -15.146947462647569], [26.590243360032495, 3.411609974595194], [-8.548906058686075, -29.432977551726044], [-14.787103966504622, -14.746398590967793], [-19.758868437958434, -9.30120241936853], [-17.84105691913657, -26.225907589149536], [-24.122376246824484, -0.19634986115309516], [-25.820364575253272, 26.109213801089304], [-17.63414188976498, -2.1472590024572042], [-5.1199045736017865, -12.519736894021062], [-10.588289110797348, -17.304144995031614], [-13.183902733788074, -22.973697858204623], [11.355112486652644, 8.671571362467446], [-11.308235799420924, 22.817937369449808], [-6.817456494326347, 6.665358019132114], [1.3901595705117096, -10.496591783392205], [25.787425383909763, 20.89208453977823], [20.467376881194475, 27.25731819337966], [-29.851054423914213, -0.47285398616238083], [26.274787143876225, -21.93439441061166], [-15.300351695149816, 0.30371523462846284], [10.705290589312959, -10.034402542983049], [-11.618119704599565, 16.547874673292938], [-28.02876370629314, 17.14787175130374], [-4.287583112387445, 7.740567430113622], [12.33018149440798, -24.09188223471494], [24.230769892493193, 19.338748117064753], [-7.477113764775009, -18.31234029024845], [-26.231673716649638, -11.483464431587116], [12.79151763612336, 18.79090297079358], [-10.404701926965632, -16.78260680353074], [-10.35634898120755, 27.86201017834491], [-24.234557989378146, -20.26899314136366], [11.65434713716563, -21.61419005713406], [-14.002446442212321, 18.190552347484605], [-11.963292968498024, 5.8209929322752885], [4.368737265921403, -14.073391705279853], [-15.075942666442185, -12.619470560279026], [22.556404345441877, -28.87451119375411], [-24.501815273261826, -9.527402450744873]]
最小値:77.61474239125337
入力値:[15.897591627100894, -19.846473204949326]
経過時間:207.35666370391846sec
num_evaluation of BBF = 200.0
 input_history 
[[3.0478741544745276, 12.488869357086287], [-12.54571566522334, 0.6496563118597791], [23.57681726085928, 23.777585336006283], [-22.464881372169824, -17.565427311708795], [-26.911967801950208, -3.551409380961811], [-28.207427347285982, -2.590006536317336], [8.948642856885641, -13.290763041121483], [10.575294118807875, 5.451769044981049], [-28.561087057370077, 3.531245279452918], [-14.444853185552075, -5.093928179395821], [-12.988495093720875, 11.588275098779782], [-3.572776939755631, -20.587935691502203], [2.6789410819106863, 16.818885870682024], [-11.618188057429215, -16.682526964069115], [-6.7217245466610755, 26.18301899162583]]
最小値:83.43073504053055
入力値:[-28.561087057370077, 3.531245279452918]
経過時間:62.086869955062866sec
num_evaluation of BBF = 15.0
 input_history 
[[28.559725348376027, 10.34302055476882], [24.170046512303884, 20.74505227759076], [-7.320357520266651, -24.466979467696547], [9.204654151412171, 3.470445743307053], [-8.306114216245312, -16.496729709610086], [-5.608805017425084, -1.863585078049855], [-13.845865304936325, -12.492433546474043], [-2.538816040621324, 21.632034776815587], [5.175174268069284, -12.990728254067413], [-13.321349602583922, -2.7226754686831924], [-17.67537932370075, -17.917277337415612], [0.8421035890465163, -24.76623787315172], [-0.9848680589048087, -8.269427256729998], [12.461197308940264, 14.804773386120274], [11.465575311345859, 11.35082482529485]]
最小値:83.43073504053055
入力値:[-28.561087057370077, 3.531245279452918]
経過時間:62.774248123168945sec
num_evaluation of BBF = 30.0
 input_history 
[[-7.583992551064302, 10.088088284116054], [-9.609080162590928, 4.367632192132504], [-10.45157051610753, -3.2912970441880773], [-26.308264150203645, -15.439474668939713], [28.29615637041406, -16.16494773869556], [11.488650656839816, 9.028611492824375], [13.436348366248929, -1.494683361934122], [5.799826476111768, -25.98183456403042], [-25.646271730665994, -18.0614384221753], [-20.888340179487535, -23.993739325113317], [-22.24236812346875, 3.1966639084592074], [-18.731110504567305, 27.126074581872494], [10.8967067284456, 2.461180401586269], [12.430836048473864, -14.166799742849197], [25.603541055223666, 20.35158346799824], [13.579169905682235, -1.1856026348753979], [20.526191152598805, 14.685139405461555], [9.619554383976748, 24.838516020356266], [8.019933827254484, -8.043564908843436], [3.170674389026736, -18.21716539799179]]
最小値:83.43073504053055
入力値:[-28.561087057370077, 3.531245279452918]
経過時間:83.42283153533936sec
num_evaluation of BBF = 50.0
 input_history 
[[-18.47566221638381, 13.540177435969255], [17.09620220586787, 28.325901821025944], [21.058285022490104, 2.6156595957493636], [-24.612547828616112, -0.6676053230332322], [25.676180853727537, 17.257091970208577], [-0.8943464367547129, -2.6832383111468197], [-16.920853895438785, -19.367197151890586], [-25.582579846838545, 23.54359125522555], [8.410597013943537, -21.400060951720718], [-5.1523848170275635, -27.05346453612758], [-17.437599028658184, 13.8424874477423], [9.067366226495963, -1.261302157381337], [-13.513169670261643, 9.133387503971086], [27.386970679042825, -3.86876662948843], [-25.792049694739788, -26.536110730621946], [-25.027738872146553, 27.58243123519327], [2.4456501711896337, 20.247745960183344], [-19.79798734577192, -14.379295636265091], [11.518650712370565, 23.734219688519012], [-9.558690932390427, -26.119608120583003], [21.84718016463863, -12.547653250231438], [14.464944383973751, -20.517980717910362], [11.697806108452554, 20.48517714186889], [13.629124724802558, -8.453548508190515], [13.60138508941187, -21.63197254905238], [-11.170853086006677, -4.825034599023329], [22.63272233665903, -20.77558748573142], [22.807487414958935, 17.937859153248233], [28.297457824678844, -7.937821001792376], [-17.703613865533256, -15.565780779924058], [19.67176808528525, 27.91368891563492], [11.928599902825411, -1.0501774935702066], [-12.77701411913203, 20.02127306058958], [22.330770503965553, -24.472104491964505], [-17.043031738813397, 19.905665427471988], [20.89823382476976, -11.12082007416016], [-13.242324189188622, -4.151098678892399], [2.3667900158800066, -24.265991099603184], [20.21472832281691, 2.08409222107926], [16.498068902455415, -16.14982406542039], [27.91760106638194, 15.061638439102758], [-9.414368136482313, 26.911658817597285], [12.030706737976367, 20.433665129174216], [-27.270161648647868, -26.66150753689871], [14.564236412977728, -11.718814023096478], [1.0070619505947178, -20.62425457972359], [28.677144579419085, 0.16506286046517005], [19.740064708483523, -25.557732223200215], [-1.2650728669297102, -26.263231175653445], [23.054485865264233, -3.251389277222472]]
最小値:79.82012093199494
入力値:[14.464944383973751, -20.517980717910362]
経過時間:208.34776878356934sec
num_evaluation of BBF = 100.0
 input_history 
[[-25.887004904289796, -25.410223061042576], [2.327559480190203, -25.466015729686156], [-18.973660919253433, -3.818574950009161], [-0.1330301388925541, 4.998714914505442], [7.23076088429444, -7.631310021439891], [7.124194978834794, -20.565320496891825], [-13.469491473978383, 17.92309623577863], [-20.81464195640903, -16.600621626855794], [-15.421309218362696, -1.229561710615986], [-29.955268677486124, -28.181318368652008], [-2.307110901131672, -20.248758908008845], [10.770108226397113, 17.71227523059831], [4.689801524262613, 11.685898630392344], [-6.542519055967279, -27.2222278204231], [-3.634708042221039, -7.681181267433615], [5.820194532019805, -21.946909818058014], [-16.337226196689844, 18.88694499163679], [-14.140468401587212, -5.3807877055702065], [26.158330589746896, -13.466852218748727], [-21.282602468786166, 12.121207759887142], [4.023993026476475, 6.69563013279582], [-27.478148940385584, -4.9639863145663945], [-29.744013949970434, -15.20787186834663], [12.363371015040379, -26.307557044758013], [-12.318390083803209, 29.28676516873069], [28.273333813618528, -1.089216679217703], [14.141603191694756, 7.9593464511683365], [-2.0584157133757977, 21.42398595847918], [-19.64890487002926, 19.705915334646633], [-27.475828592500918, 22.01722150876791], [10.559795248094865, -3.245153405347885], [10.29421485805662, -2.377889766645488], [16.80019334271511, -23.19335496815296], [0.48944573091632293, 22.289372396632373], [25.65175654872135, -16.77982010710124], [-14.884181846722866, 24.240748296539323], [-9.26895967709229, -26.587645557077064], [12.893200326721967, -5.134868450798528], [14.119451249708646, -1.374501993397839], [0.0339332661859153, -4.946285375484631], [-12.57090623789091, 24.042652043241056], [10.127254679106436, 17.329940600578027], [23.74437186558704, -14.988663456638395], [25.189236838345344, 21.756305235513487], [0.36511572749918386, 4.074130448641839], [-23.104065717793286, 15.726950433466115], [-19.60649956894058, 2.0301624603545747], [-22.41376168627685, -25.624974385070566], [6.541646625633874, -0.5278122230592004], [10.48859608435636, 17.45125098325706]]
最小値:79.82012093199494
入力値:[14.464944383973751, -20.517980717910362]
経過時間:207.609760761261sec
num_evaluation of BBF = 150.0
 input_history 
[[28.961249558733975, -24.95515913539912], [7.872726746014827, 4.618493722886875], [9.038530607502182, 2.5907672888627786], [3.442043251812102, 22.113278018429313], [-2.8793030177054817, 2.0985347178216855], [11.457822225915905, -24.630300516293467], [-4.084480866761414, -23.871946757730704], [-21.731406425338, -29.87246649204546], [-17.417613830302727, -17.001764253705947], [0.9746688740665732, 4.212494309414588], [19.437670830194833, -0.7973286706105718], [23.4872759353075, -6.296352613490054], [14.676686825066547, 3.1654357450429416], [7.429505146339565, -13.776480187001244], [26.25570047638734, 16.17928292147387], [-21.264298255805603, 2.2460621966744085], [29.74717833333513, -27.0566200496921], [-11.830809724943194, 14.448802281129979], [-27.63831314084311, 14.800265459535495], [4.405276799025664, 13.902340533723994], [3.0499557525979952, 26.364208698069525], [-9.21589782598377, 4.468167596173679], [-26.953201259863423, 3.20597004926141], [-4.8364233811237725, 28.989707267412086], [26.736439130222678, -21.70323510851398], [-27.503061508142267, -22.75949597586557], [-18.435181936810785, 13.57007965863314], [2.6386772123234152, 2.0955200721168907], [-2.1277812322477843, -29.59834689710902], [-6.451685187332, 29.936306475581617], [19.217472324716837, 4.371642656382328], [-18.21222235828326, 25.22816547056123], [-4.551165155732196, 7.159636384768966], [-17.813540595529485, -10.316055371873297], [-9.302792223924257, -6.314887775882351], [-28.666086806568707, 9.620823131711902], [-19.800598920130547, 6.198015795196895], [7.174820792088411, 11.874284785940617], [-12.484128837219835, -12.478080806139232], [15.331768614170166, -6.706548283893941], [-20.852204342515478, 24.31589407681286], [-29.215031402869105, 23.189064459346937], [-12.46459344287484, -7.090497593276442], [28.704309143763346, -3.7994555135902672], [12.952918724511981, -5.257033984066734], [24.812148730158547, 13.169429952620256], [-1.158492693876731, -24.946701060952794], [-8.181967930277402, -0.5635978591643998], [-12.968148992916973, 2.0784305651788983], [-17.420935909100525, -0.3402254674925267]]
最小値:79.82012093199494
入力値:[14.464944383973751, -20.517980717910362]
経過時間:207.47539019584656sec
num_evaluation of BBF = 200.0
 input_history 
[[28.0217903408206, 2.8339349505433375], [28.361061597893062, 12.888959620461883], [11.863729475836251, -17.03463026517742], [28.576467286574506, -29.62618468772461], [-14.821058256993362, -3.9125080557332517], [16.762975307625148, -18.138895523984814], [21.77959413595333, 29.004040630518766], [-20.169465515718077, 5.8400366359715505], [-29.4608341399467, -6.805723041382237], [-27.350396524110025, 27.399178062854155], [-3.831201187212141, 26.938638406893766], [17.17835915610366, 21.97735791490191], [-19.61007471024311, -25.50308477921358], [6.044563282666161, -19.92166897689577], [14.002810050634196, -5.493368390879116]]
最小値:81.4120795195501
入力値:[11.863729475836251, -17.03463026517742]
経過時間:62.17362713813782sec
num_evaluation of BBF = 15.0
 input_history 
[[1.6745294050752193, 26.254295037056522], [1.3017673466974813, -23.50839702676616], [-20.506595568912033, 2.7121591021927713], [1.4642448041084037, 8.256614647559616], [-5.9102733845836255, 8.98830654116054], [-6.18599982589604, 7.434966812893386], [16.04429802540743, -19.261565397532152], [-7.465453884747458, 0.15198355961606325], [11.200024794980749, -14.779221080317011], [3.28445177655351, 7.495850643845863], [23.730069963368763, -8.228784694012415], [8.253424381124198, -18.513215872862197], [-0.13235312296165702, -19.053275725727588], [25.102982348385765, -4.090675719526342], [19.81128612590078, -4.993421719298247]]
最小値:81.4120795195501
入力値:[11.863729475836251, -17.03463026517742]
経過時間:63.157039642333984sec
num_evaluation of BBF = 30.0
 input_history 
[[24.280055324602017, -5.710486961345637], [-10.129529814532635, 4.328326216364914], [20.7266189456468, 21.660858705184317], [5.7412870241000675, -24.920303338775383], [5.835996439150492, -15.272777485013872], [13.955606915398064, 23.679077539004325], [0.884038254788706, 6.213810621612382], [-26.09593125703156, 2.404483778568377], [-22.24879297977374, 6.873770781019921], [-8.180979177309727, 16.065482059844747], [-27.087951814826848, -23.41091291292936], [11.04139290741766, 0.8792218250193891], [4.2984822968849485, 20.62241963943932], [-0.7357416510195449, 18.608665327568694], [0.6146177576964043, 25.603241594415074], [10.01566629237756, -21.07638963395658], [-8.12680948045465, 21.946494956645957], [-8.98288734866906, -18.65845443263071], [-1.6427214500536174, -6.433129510672202], [7.135795598645615, -3.794022483629206]]
最小値:81.4120795195501
入力値:[11.863729475836251, -17.03463026517742]
経過時間:83.94415831565857sec
num_evaluation of BBF = 50.0
 input_history 
[[-14.344670562330268, -5.25166730023459], [-4.857957926861978, 24.145311352568456], [28.77697572242912, 7.414130364414831], [-25.00895264574833, 13.979923055759699], [10.721124148739044, 19.561372021513172], [-9.152919797336661, -26.467194350512614], [6.709308987317527, -22.55912290120368], [15.571771749799886, 17.66539905459853], [-5.482392795006124, 26.627850352982733], [-19.57321237468345, 26.555150983618816], [-2.0706195109478607, 15.779618476521968], [15.169211728824777, 28.872595147875643], [28.396679647735837, -27.5945325215299], [-29.04172334810636, 2.5974189014120483], [-27.96734292609545, 9.44907815011635], [2.0941560998671562, 9.993503766015607], [-3.519557737639797, -13.651712476575831], [26.980136396870634, 13.696166411594817], [-29.620563764071036, -24.04033410634953], [7.901534707498776, -12.717790380137512], [-5.542699362500542, 16.891867433862586], [-8.751267709238078, 25.54851583675554], [13.227127285476982, 3.115586443882478], [-19.14210983849386, -5.424516619941034], [15.772907390599407, 29.44780911102343], [-25.580857552762403, -21.914843579893365], [14.402683800115554, 20.026882195283477], [-24.67362855658784, 19.765076983260343], [17.20393886610507, 11.293276392247563], [-9.604415011070696, -3.3275601279419753], [-8.019831644907942, 20.427963883330932], [-10.300671787145511, -10.645501424804657], [26.11745143402125, 25.199240861873868], [28.12044752263091, 18.452937192876043], [-24.785062941434084, -24.545366902745386], [3.4249245159122452, 21.371026255669058], [23.051871838516092, 8.210920371996053], [27.34827563903493, -20.886863926038167], [-16.705144201166817, -10.050289980750211], [-14.59170474710657, -11.267698063196885], [-22.893269019984913, -7.47959139981986], [-28.21356019603565, 2.2668999705327977], [26.7496976805266, -3.2924884163839145], [7.4491946598194545, 6.708740916103743], [26.002750084862413, 14.071143180518959], [19.48925569236146, -9.849035405852597], [24.44787878568487, -18.88744594960123], [-5.521063866362951, 14.247118404880574], [-9.992617094172335, 23.168053881247964], [21.639351728152874, -20.092912776006763]]
最小値:81.4120795195501
入力値:[11.863729475836251, -17.03463026517742]
経過時間:208.13766479492188sec
num_evaluation of BBF = 100.0
 input_history 
[[-16.155243496333433, -26.853907278815843], [21.523250909357103, -9.646505506552867], [-6.405196298006665, -13.778071065701866], [-22.60632667623529, -2.583645494276084], [-15.916976815029502, 3.789194095795544], [-17.834097135632472, 0.6832369281449218], [26.899553036573153, -7.689977618228397], [27.25314535996081, -26.56764502466119], [2.9283070969249394, 5.9878494713519785], [27.705199064751582, 25.511107873705363], [0.6543677710833151, 15.569168409916848], [28.554316896450928, 14.190015837796132], [27.237358437256958, 26.33363875915596], [-1.093970316004139, 9.593653852813091], [-19.209022024926107, -3.7785916550717253], [21.967451330423614, 4.633924215146223], [-13.232783748563591, -22.632644834039045], [-16.08868789089872, -22.500446112796563], [-15.973174186338014, -6.985199397580672], [-27.42608814698558, 20.32264181234835], [-5.771384297567945, 4.042137869778827], [8.168040885848598, -22.029479612034628], [-25.037543291228612, -20.608067236094808], [29.17348339980316, -23.729085481003835], [-4.640644712063736, 22.503740828040783], [5.056539162527258, -28.94797971769266], [23.322154862184703, -6.951140207074463], [-19.93618753476482, -9.769210160630628], [5.648887912461902, -27.735289197830166], [8.598511278870156, 6.606384019111317], [-16.2723646729786, -4.438934386479353], [-18.389102192126813, -28.72020962990674], [5.035192436799278, -3.278577328358544], [20.5233988825212, -18.056660762174765], [-3.564057170315344, 10.047271951686312], [-25.89992219897625, -8.679802267012313], [11.16217818865595, -15.29568617735082], [-8.161360652037388, 4.641821927458757], [-5.433864463377116, 22.606890160305277], [21.592876683594056, 20.03861356108193], [-4.423729998618185, -18.59220026445711], [8.331786188615716, -4.310701113467982], [0.34842424669544414, 9.06309350206552], [26.396492072119862, 18.494983598036434], [-22.607002005064476, 24.447732541180713], [10.624039962529821, -10.834488289831647], [13.799579313074965, -1.5021648496284037], [3.6619538289270253, 4.309481618603087], [-20.910645045310947, -8.281072903134262], [-3.855915525360018, -26.53649404986105]]
最小値:81.4120795195501
入力値:[11.863729475836251, -17.03463026517742]
経過時間:209.86514496803284sec
num_evaluation of BBF = 150.0
 input_history 
[[13.423950644930237, -10.391713837333764], [-1.388828050131064, 26.883468319299546], [22.07809974770437, -13.614229401714177], [-5.983697832706486, 4.274052233110005], [-22.831084934123673, 17.771062713071494], [-10.574882395055251, -23.062280767986305], [12.431990910540136, 0.8944942850897988], [-28.3739759423736, 3.767016788165101], [15.852530666855891, -28.137439919902107], [9.455257242284567, -14.991485331760801], [-3.8834215085829022, -25.669954795944633], [1.9337113749012076, 26.329734519337457], [-11.711057538405417, -26.187757257486865], [20.89357964004048, 26.855613916150254], [-0.5357549644606436, 24.510569066514627], [24.51842475412912, 14.071150799764574], [19.879639929041957, -20.279745965756938], [20.732346024956342, -5.061460550540215], [-12.798777816482886, 3.7117361821611397], [21.44959408941377, -4.009880771469955], [-25.333873924449314, -12.763303185460924], [-12.881344084032772, 11.823086272901733], [27.303956260389953, 3.008845655283096], [-14.783248453983271, 12.187792803102312], [-21.136379299633184, -26.302254364402902], [8.940464043823631, -7.454860768794973], [-2.951536270062853, -25.56105319342764], [-1.21873082598578, 6.368652782291264], [28.950712077006045, -28.71180664610913], [1.0048058328921563, -0.7939731881258716], [7.508471686814055, 21.190405987310655], [-0.11802545323946845, 4.354870045464438], [0.15327106697844783, 17.78652203705451], [24.416106842858042, -10.640339179507873], [13.463820356255113, 9.28535690479174], [-7.6027300709750705, 18.209759961563755], [11.703220633010034, -0.4876038264043103], [4.315350617370001, 26.936365872957566], [8.41020557841668, 8.093467476766932], [-7.1616065018805095, 16.914269317270914], [22.343039052388363, -11.430541330112263], [-10.415293731726567, 10.39178835123326], [-12.668704538745775, -25.097158468001986], [-12.714055702708038, 11.824713446268035], [0.15992916988929196, 4.803809668297028], [7.574252063815443, 2.106256342801096], [27.678227823157094, 18.639804525762507], [27.802930108105613, 11.600669443038832], [18.10284537412528, 15.083007142623941], [26.4658508363688, -9.572842514344469]]
最小値:81.4120795195501
入力値:[11.863729475836251, -17.03463026517742]
経過時間:208.79366326332092sec
num_evaluation of BBF = 200.0
 input_history 
[[-16.68040973461563, 22.24393837064258], [-17.596850679634414, 25.116654476275293], [-0.6953286723102501, 6.704631774158742], [15.95447138881893, 1.1050792723765959], [-12.191969905426681, -18.736726280324902], [-25.15552387410751, 14.3064177719382], [-3.5214466262428132, -20.501407937240927], [22.79622187207673, -13.554812280466521], [-5.14589885513692, -12.235204035981123], [7.727274532769002, 4.790268611372703], [5.995751797499253, -14.050852947869565], [-12.918847161518173, -14.78470765357275], [-10.346163138675955, -21.350141960794772], [-20.063228327923945, 27.835831744076515], [27.613602917141627, -18.695120664243888]]
最小値:82.34466516874258
入力値:[-20.063228327923945, 27.835831744076515]
経過時間:63.806628465652466sec
num_evaluation of BBF = 15.0
 input_history 
[[-28.541606302230782, -17.72666721720296], [11.99061684759345, 16.770875133331785], [-28.62401445365511, 4.659771487785363], [-29.901469637037284, 0.9283567143236091], [8.387710567851428, 29.137464168251327], [-14.454144215333656, 18.14981311577221], [22.228985220088987, 25.364976836740198], [-29.867147248053385, -1.8306976945453641], [28.888124256360626, -6.063311765828971], [18.82394865521509, 2.7873898783486624], [16.251245228413474, -0.9041355006925187], [-28.253306179636937, -24.808458695867692], [-23.3127712573186, -14.92529329856714], [27.894917551581898, 7.905963164264726], [18.999612156921714, 3.9649197655653836]]
最小値:82.34466516874258
入力値:[-20.063228327923945, 27.835831744076515]
経過時間:63.11294341087341sec
num_evaluation of BBF = 30.0
 input_history 
[[8.121372334913588, 18.714143470824638], [25.600956914632455, 24.757605822226992], [19.488643226311524, -24.34783606936064], [-8.337094892171454, -27.869458094380185], [2.781500912448415, 17.768563251360256], [-26.931431813919172, -18.679935852413525], [-8.07133392527011, -15.342547982525499], [17.705248375261917, -8.874303854017889], [8.332660923621923, -0.3950968861944162], [5.009984623203394, 26.357961117891094], [26.612404920952777, -23.298454368985716], [20.613297966613423, -9.238310894642858], [-23.95036362824129, -6.995456035973085], [0.6212878403548743, 27.666184917907792], [-7.709243080319563, -29.257835303978542], [21.58241321929149, -23.333355027578087], [-1.299657360792903, 20.998801943171614], [0.8842780200407461, -3.2035303246612052], [18.02858524503418, -28.776517293110963], [4.357118928467955, -5.316983053237408]]
最小値:79.76323541257649
入力値:[19.488643226311524, -24.34783606936064]
経過時間:83.42085146903992sec
num_evaluation of BBF = 50.0
 input_history 
[[29.10820786174827, 18.084091824664206], [-26.76227387129119, -18.57133359266984], [-2.854869250981473, 12.176524627078692], [-10.077111027859356, -8.401008289721542], [25.288233957550617, 27.217830343640827], [-5.538856279371384, 23.914269293083393], [-10.184804882429624, -25.03568585520074], [1.6030539275154823, 9.650663457503121], [23.579057661317904, 27.909452820860437], [16.19596061347888, 15.545947097359559], [12.602942841266305, 12.093169954882342], [16.039882867067007, 28.460968733138635], [-7.577128956241843, -25.016733417693306], [-15.621573623266505, -16.711034397420292], [-8.184012191753638, 18.618853926741103], [-26.394229808019013, -3.015386526206637], [18.790231649000695, -14.145697527561072], [-26.195941081597883, -15.473539664643907], [-24.895772294987065, 18.46664612084112], [-19.78499546171507, -18.279322466253678], [18.87852069347162, 18.61713175094974], [5.362432694024555, 24.88406040704772], [-26.410701794721923, 27.899798416219937], [4.258513011348349, -11.848913249976341], [19.542349589901043, 9.565036821199278], [29.190086484203754, -23.550627985494064], [4.855111658003722, -1.6303106965627912], [9.136247159262034, -15.488456754154251], [-28.132196194895634, 2.6539411647711475], [-8.1173892724569, 23.539996517910645], [-2.4392643144813455, -4.88075399778603], [7.974332447458032, 1.6307299767937309], [27.672668410446917, 17.340606873374625], [-0.19826945264432894, -17.331539946345732], [6.239048465777017, 14.914548633289066], [15.351829875636852, 29.610240475960033], [-16.89013311959407, -4.461759987900798], [-4.569023831686639, -10.881213739060119], [-8.080018863935816, -1.3235213937266153], [2.525424544620506, -14.086185202392123], [-21.938176328858482, -11.886834136036207], [-21.81119437072349, -10.93798779884462], [10.750960852265464, 6.080469353723295], [29.83352799377532, 3.6548753886091205], [2.923571825590855, 8.540972409313326], [13.607362238014566, 6.948812371109717], [5.310003898384267, 6.300258809412142], [-8.712872358122318, 16.64291967771085], [6.276198853997002, -11.446153711591368], [-15.262140087350357, -25.724040954301934]]
最小値:79.76323541257649
入力値:[19.488643226311524, -24.34783606936064]
経過時間:208.47408938407898sec
num_evaluation of BBF = 100.0
 input_history 
[[-9.136249939972046, -29.22911556117579], [-20.06149040170221, -26.378014054933338], [-13.310643966773014, -9.100080339659335], [5.473338683379389, 16.500787802166514], [7.485268029743182, -20.419144000659973], [23.625759193937213, 13.835475960402128], [-0.13391884414792798, 8.61841316345965], [0.5685056584453534, -19.907510518883207], [8.487886352269904, 29.290065777769613], [16.21976178705549, -19.111127452832633], [-22.813858754491015, 25.820510579264564], [24.605845977737502, 14.95107957662593], [15.631892425004487, -21.42745212724016], [18.71665149344546, -18.4632422534715], [-20.715293427519732, -5.575262608711821], [-29.97702633795174, 20.73106896982859], [-20.33205279936356, 14.355044093559627], [4.974648955404817, 16.215600178287666], [5.999590004261158, 27.688049150770325], [-7.213296634906964, -0.17937899549669112], [-9.699681061628205, 14.565044491051871], [-11.970247813593645, 17.927176474000092], [-24.8430132402115, -15.860181740089644], [-3.709866443630389, -22.43724881227593], [-17.81808115273099, 20.49256451178811], [-7.654052705010891, -16.879096232540615], [20.767969347045913, 4.522479903549126], [8.022988637440228, 23.335712620566973], [12.837543538093094, -14.093239904931295], [-29.417501500011085, 2.967807571739428], [12.451573517519776, 18.341676578401383], [-18.56061994810247, 8.052856561478144], [26.313176046563406, -14.508816945281303], [-12.451172422153963, -4.461359277646476], [4.27071609574385, 29.403333199384228], [5.2919767622774145, 23.27396381777841], [9.37267674264389, -1.6332675533995875], [-11.667088216409677, -8.989225314198215], [16.6280575348338, -19.349457160793182], [-21.723878496233258, -17.2173021423329], [10.13480640852908, -7.715703179073191], [-17.609839285030162, -10.157735807519888], [-25.102226255091686, -3.80786679181368], [18.672958951991724, -3.252452328558551], [-3.1613907604044194, -28.34829219133824], [-13.261339675539226, -25.489770006801457], [-27.135697373184048, 21.815134791066598], [12.85905541872966, 19.82626202257447], [-22.02565221634827, -8.082812427298379], [24.793052538949077, -3.9967265407435875]]
最小値:79.76323541257649
入力値:[19.488643226311524, -24.34783606936064]
経過時間:208.9647135734558sec
num_evaluation of BBF = 150.0
 input_history 
[[25.53910878502073, 27.682084567887046], [-29.603513520625526, -4.0241648691971506], [4.986757730615324, -9.070345666614212], [-7.438078925712233, -8.650705430532096], [-16.13802748961927, -28.437765334418433], [13.871039992094545, 29.910946035770046], [-27.699484190398522, 21.54589301718316], [2.6582958582272695, -28.828802470609006], [-25.871015485580653, 1.5269688646494153], [-23.726387613472042, -12.24015434038455], [-13.509935759291757, 28.236342453705674], [-1.8200109037098429, -12.889136143771502], [26.294525600529127, 28.003600130188786], [13.163992970152329, -21.787258060747057], [23.39393912657671, -3.524382386718081], [17.16764269182368, 13.289323701118157], [9.189844665032389, 16.018387957858593], [18.709815326362687, -2.3003075589543975], [-0.9227635208222793, -24.156825315946435], [-7.748234012860948, 23.16805756967714], [-16.78367843282919, 14.934907150767302], [18.39777990922, -18.205930212338295], [15.876159011643317, 9.440775764882702], [28.527552666248447, -6.702411020792777], [15.404999773301284, 20.63721732936034], [-7.255641431547531, -16.578715356083194], [-7.905455890444944, 9.169792825654554], [-14.55675893128234, 21.50993596143116], [-12.288511172505082, 15.842079939673184], [-10.737375840868772, 0.25934484758195353], [22.451023223139792, -0.8761996159482095], [7.45131074718082, -9.431517833173963], [-1.8855898327449303, -26.31515871039843], [1.1859893071227923, -3.050751322212207], [-12.061028312482456, -19.627373583982823], [-9.56017674500831, -12.308968661472889], [-8.247738250790245, 18.525243657598736], [23.73597360845359, 24.901999345354618], [-4.706662740614323, 23.906850718918356], [5.224655563308673, 29.79666599500637], [-22.544229622902975, 15.409893526660817], [5.296114194170357, 0.8739612185505266], [15.49293567597121, 19.99690345304446], [19.865269664315832, -9.352863643188392], [-7.159376560596442, 5.717107651790599], [-27.427683290197905, 18.882316630068573], [5.161386072305213, -3.3897167110437607], [8.28809247706463, 27.32109465234248], [18.252669006232466, 9.368981503681965], [-17.54745953248193, 28.30416108720003]]
最小値:79.76323541257649
入力値:[19.488643226311524, -24.34783606936064]
経過時間:207.8892388343811sec
num_evaluation of BBF = 200.0
 input_history 
[[23.571609086160095, -10.081211681929368], [19.27374738346991, -27.498202456485007], [-23.54059920384192, 5.703123852374418], [1.789041731569295, -4.871554286600741], [-9.875529043600245, 7.351165931765408], [-3.7115144334675563, 14.152926380921414], [1.0821847199561248, 4.731516013569426], [8.721305753735628, 29.413456282404987], [19.191491815310485, -5.207943911029151], [22.576059312397646, 19.42556595423128], [-26.731529530658722, 13.118234193851656], [18.130233745468523, 14.184398628686338], [12.547905046870035, 2.45621125815169], [-22.510549537163413, 27.458837728180107], [-5.80462207590481, -16.982930380586396]]
最小値:82.05329849173629
入力値:[19.27374738346991, -27.498202456485007]
経過時間:63.477235555648804sec
num_evaluation of BBF = 15.0
 input_history 
[[13.036550787199168, 29.652446305316253], [-14.663156663949897, 10.278565916356825], [5.940354788346994, 13.039928733330783], [26.24097207869427, -8.89141388761788], [-14.781954151716242, -5.85164945779362], [14.790643031099094, 13.444234044701297], [-5.633532236496642, 29.362790896800142], [-2.9700431552900426, -7.571493953978823], [12.577716370152125, -25.05248680129749], [-6.097624871323006, 16.252857978472782], [15.88505901002803, -12.968436986538158], [-18.627468577777165, -1.724942115881099], [-9.911637329842588, 14.08410262281906], [-18.653573067908138, -10.13375555273474], [20.653705249354132, 6.901442059342564]]
最小値:82.05329849173629
入力値:[19.27374738346991, -27.498202456485007]
経過時間:62.94867157936096sec
num_evaluation of BBF = 30.0
 input_history 
[[23.1158447842423, 28.59318122446068], [20.214515574430955, -19.150522434843644], [7.104630507275303, -1.4334676035993503], [-5.750600719636314, 14.513021252940547], [19.555997350151017, 10.993789829258496], [-21.643703670541655, 12.169503443904674], [-26.469762590151717, -18.440071514927048], [25.487625897311773, -5.693852558160501], [-21.10250804394341, 10.937227840475025], [-20.190674954122894, 8.893514463990634], [-14.903151409771318, -27.517469921945896], [27.523356018958424, -26.026771151194104], [0.7764111651383061, -9.522204526804742], [9.600589118723867, 20.665640227127355], [6.23199340242634, 5.232821458544116], [-22.97801786792149, 12.627020126566613], [-17.72860452929203, -0.5779324045704222], [-27.803488173839355, -11.075785464673743], [21.781824425960515, 3.507997093450129], [2.8024695765891394, -7.930520463953268]]
最小値:82.05329849173629
入力値:[19.27374738346991, -27.498202456485007]
経過時間:88.59629011154175sec
num_evaluation of BBF = 50.0
 input_history 
[[19.68940110593683, -13.41897243404166], [-22.460499500002555, 3.76686476956057], [-13.95965967756337, 16.502095698381503], [-19.235619267627655, 16.995400280249733], [6.479779250057561, -27.495067430786804], [3.676507931496076, 10.088264089616523], [26.303556399995067, 17.160351528717797], [15.025828291250242, -0.1769414499268045], [-27.43604990082734, 19.012049786744605], [-29.182575348489653, 3.0024711429062947], [4.007806279503072, -23.224899912771214], [-26.233425610124147, 4.483453498021433], [-0.8708840525586155, -11.914674171891612], [-27.61226651720229, 8.033648188446783], [-22.53985900796738, -29.30364933507676], [-13.40000467928812, -11.907267594350326], [-19.180942109799346, -25.981322215111973], [16.754037211561617, -5.9550915463010305], [-15.25110892159483, 1.4263312713600662], [-14.700858366407099, 21.114507708265634], [-0.9897853145803346, 7.388997068164507], [28.38435029275597, -8.71514822748847], [-16.52126194675767, 28.722828337588247], [5.224465260048767, 28.90088332425004], [28.119964818926647, 12.306236143283286], [-28.836851461140135, 6.769823367125937], [-15.02644985761062, -22.233857564758416], [-8.024331905818364, -17.994389693146793], [15.988884820540221, 26.05086990496909], [-28.41585611646366, -14.636183741538918], [-14.028117288350433, -21.460337195993198], [27.089958649780016, -15.143282844602197], [-8.628830109485133, -27.06365471605479], [-15.712159727375708, 22.969485333762307], [27.86598096642045, 9.361669446870572], [-12.18833359014932, -26.43984163811985], [21.86618909593866, -20.691546154754853], [-13.827114599012422, 2.892279042656263], [-14.863353597327587, 20.6806851380774], [0.13289295279012237, -0.9186364057243459], [24.315517854832493, 24.91610314455221], [-15.502337771694773, -28.87398646613207], [10.217381770486341, -13.766195496809203], [-29.141612907581948, -24.172176517780763], [-4.869737674861657, -22.767106378947176], [-17.57466014711717, 14.703327947212372], [-2.6587202662656324, -23.189421924724677], [-17.0805801016893, 25.814595250038266], [-29.5263151235423, 8.512310365385218], [8.679751658521212, 10.81507682260797]]
最小値:82.05329849173629
入力値:[19.27374738346991, -27.498202456485007]
経過時間:210.37770128250122sec
num_evaluation of BBF = 100.0
 input_history 
[[4.689207865581849, 17.071692880303857], [19.310830934981468, 8.809760120473378], [-19.221622149586697, 13.576380216291803], [-12.917274734227679, 20.488593092515707], [4.210028763421263, -24.883942687976898], [24.65713178125022, -2.252645327751008], [26.574222075369484, -27.57046307372734], [-23.552701824018126, 15.343175262420871], [-27.493344946296688, -2.9062107093333616], [18.965149917619648, -4.848135650934033], [-18.60245265267986, 20.604635128465333], [-23.565220881484972, -12.718884693897547], [-16.981872695826098, -2.143966598964834], [-10.824576782660301, 24.545650539228824], [17.137642665874665, 12.34504107340124], [-21.60579297955524, 6.709280109724368], [21.08970161893631, 25.426107908608216], [9.732635225480813, -14.461231573868428], [-13.39201952653853, 8.12867951155151], [13.464366531458765, -11.664764761668312], [10.677755279636848, 0.3896065116560834], [19.76314518794993, 10.997883557914406], [24.606072987275354, -22.80362275857505], [20.38398797852154, 26.89619134230859], [4.417255914768305, -29.75129835734859], [-27.989262952731625, -5.252039148492187], [-2.503365176150062, -1.3408909808465488], [10.88525126823042, 15.293486073446005], [19.247083183694812, -9.221450790433632], [6.89700689755454, -6.427959217090503], [13.520739215090472, 3.8083583884207712], [5.686712147704668, -6.735802961171689], [8.067620157145278, 22.067548586145882], [9.101626550595583, -22.28435881427201], [-24.67570322432787, 10.64798268734058], [-8.66435422873954, -11.116419213252108], [23.4032183954155, 21.834922655763222], [18.33973930257025, -8.560604300257324], [8.446875331654965, 5.929952841607708], [-15.867458649202135, 5.38177575341858], [29.82039794795299, -26.851521780230748], [-15.748773966797163, -10.140793984512971], [18.056051414283907, -3.379233561244167], [-26.236589216737634, -10.90459297405253], [19.831157794215898, 14.306835112752822], [-13.269905696694899, 13.716009180354916], [-10.818393597434913, -20.847517018298603], [29.092703571373306, -14.302197155985262], [6.5176325603478205, 25.055094681871864], [8.57942147458774, -4.393228183367711]]
最小値:82.05329849173629
入力値:[19.27374738346991, -27.498202456485007]
経過時間:207.70151376724243sec
num_evaluation of BBF = 150.0
 input_history 
[[-6.167041202237947, -27.065604277975368], [-25.125203839146337, -2.9591707067892443], [25.33916099773259, -15.997832817816246], [22.131554228634144, 18.373620390154258], [-19.55075847106953, -11.257352169334325], [-4.2961649871281935, 21.55642141276615], [8.049356147438239, 19.48764689542469], [-0.1768745819160884, 4.947644414510215], [-2.76526596886454, -14.503699610974948], [7.100197695553291, 4.525051256189698], [22.044797287863467, 25.474595725768424], [4.449135102954848, 11.644953887544276], [-6.468192902185287, 10.586439206375836], [29.89272363988094, 26.422932891117675], [-21.52577619931119, 26.29009916883068], [-27.680545351876226, -28.48891999531818], [-19.332073071150653, -11.697124684332902], [29.08483766707885, 26.607686869807665], [15.837334074796303, 7.385404943210162], [28.133014802382775, 4.380976131141338], [-17.20682724986951, -21.992774283431626], [15.825565467832604, 1.6390982745115892], [19.04367607315831, 17.63106334894273], [10.210620225452203, 16.605490851018658], [11.288690526499138, -4.274114253466596], [19.808699276241754, 24.95340383051186], [16.646507646135504, -24.849020549658157], [26.980768846495366, -1.3724579393733976], [23.129414203199623, -24.90267816979303], [26.293924568277227, -11.108584509659622], [-4.736281091465287, 11.12030929751728], [-24.551145182453467, -17.51909731284765], [4.980666856512265, -6.8849032892434785], [-23.616029328009677, -29.394901431009117], [23.76840122307633, 10.081522931409296], [-10.564095921662748, 23.164010160091117], [28.03333827309242, -25.107532000249], [-14.371181864338219, 1.7802930344659345], [25.238892241773954, -16.016617562659786], [26.121048069263793, 24.067679209814564], [-9.707632979746275, -16.485870168505993], [-18.9986307623564, -26.70135052282764], [27.364796964574673, -21.19128637948109], [27.46639750767727, -9.652345932313345], [-26.441277685577532, 19.153880352324343], [18.204150959410548, -2.200534456094406], [16.341277641898486, 14.9291529582351], [-2.958470693218217, -12.99771363064809], [-21.450629843599906, 24.605028462225015], [-25.25365514265072, 13.539649697367118]]
最小値:82.05329849173629
入力値:[19.27374738346991, -27.498202456485007]
経過時間:210.32997679710388sec
num_evaluation of BBF = 200.0
 input_history 
[[-25.42150263756257, 16.79512753440688], [-3.6954461135463887, 13.40791066985647], [28.67937071979616, 2.309752224626024], [0.06722781959627255, -25.676931998414307], [-13.89366119388773, -0.007049950466402777], [10.753799767256432, 18.22434216626253], [-7.1435320110876965, -26.043819185645695], [-12.711264041520387, 24.575611663176822], [-17.19687878520507, -2.8725622909390154], [25.872361181341304, -28.50604634697912], [6.032935047847353, 27.00777002481874], [-16.18182725874211, 2.909395154161828], [24.54770249320388, -22.00983325444499], [1.4047548404259516, 15.024591546122089], [10.140794453034829, -1.9348284153011583]]
最小値:75.94636115203764
入力値:[25.872361181341304, -28.50604634697912]
経過時間:63.93968605995178sec
num_evaluation of BBF = 15.0
 input_history 
[[-17.709054582132296, -0.5540466545357745], [-7.65691863689646, -1.355930708904694], [-8.04657685316442, 20.27507965855564], [16.11885039117056, -11.16031936724027], [4.357519958637241, -13.437057100158295], [-2.8294240472159764, -8.82129804333632], [9.443967766785498, -7.7789350207178884], [-2.4544213265141153, 13.159447350542493], [-5.220490253169924, 24.38539614986032], [-19.172902847839104, 14.46713237479586], [-4.6575573814115785, -4.412785638903461], [8.062792118030323, 1.3743720617007185], [-5.106841293633408, -29.91438716623451], [-24.464259249194875, 12.563663623512767], [1.4607358059118312, 11.769627811018132]]
最小値:75.94636115203764
入力値:[25.872361181341304, -28.50604634697912]
経過時間:63.47226548194885sec
num_evaluation of BBF = 30.0
 input_history 
[[27.32809938017556, 10.97483126252505], [-26.81227855962255, -11.468838908172174], [5.555681239402375, -15.892775564552142], [27.898259972167608, 26.70289342756763], [20.904052850261323, -1.6605602226958638], [20.48860289390384, -22.133361459125165], [-11.475980562129877, -2.220216350734976], [14.510832041008008, -0.8504862774661994], [-21.787432872152948, -9.387808217738499], [-10.534429819653422, -11.974865740917615], [-20.069915972052755, -5.10589364560488], [-3.112760549836601, 16.49402254884103], [17.783442046952906, 1.343407680096714], [-2.3621822302033877, 16.692816092633798], [23.237337111164088, 10.495126192007262], [18.028742939907815, 26.34668122393112], [-27.560651433798853, 22.540303492205], [-13.406215652931948, -1.4541300345453436], [17.80565741591414, 13.034533936513796], [-21.171145683498416, 9.524895537248725]]
最小値:75.94636115203764
入力値:[25.872361181341304, -28.50604634697912]
経過時間:90.56081938743591sec
num_evaluation of BBF = 50.0
 input_history 
[[-25.84487579940987, -8.575762298827264], [18.76977300982238, -4.337710018346964], [5.991266252606785, 13.689676988828026], [19.27365649839357, 15.630907198816985], [-29.57140348326009, -4.784589979647894], [-2.2118269177111607, -26.67002981323664], [2.486527925713176, 6.4662450866320285], [19.70719169976752, 26.50855609148691], [-22.311128759836027, -16.17415953538683], [9.549503824233653, -22.051560670995087], [-16.55528178322084, 4.491755255348949], [-19.828576586027452, 16.933809079426695], [21.41853756670561, -27.979547729829108], [1.9586882966204158, 17.817081446613862], [28.508380869426944, -13.544484408334725], [-19.853936198077, 22.602055810898122], [24.550947825650923, -18.148026631970588], [-3.5082154378416135, 13.153928501540193], [20.72070952583841, -19.90348167796534], [9.898137774285665, 18.470127557764172], [2.9828472480436474, -20.11700047325923], [-27.8682717101782, -13.107970929090374], [18.472250787213092, -27.31402434929166], [-29.507009697641276, -8.303001137276564], [-26.182662858086886, -21.030821800546175], [-28.60857791403827, 1.4831902061179107], [11.801754131364774, -4.376790419176341], [-21.92577248131874, -10.118567342255659], [5.420751258380108, 26.439683603783287], [29.55346315035841, -15.503825000769012], [-29.365205583699254, 19.838419559628278], [25.5967762662034, -2.4837912139218403], [16.28654067382093, 21.97194204506347], [6.576887900073551, 22.357630988651223], [-28.565818431460148, -13.70428678442617], [-13.366825038342284, -22.76205430163051], [24.642807257294294, -28.173644000062612], [10.353661771326763, -25.719618764567564], [-8.35317037288673, -4.914027439346047], [-19.115742656557984, 1.2608461969305793], [2.099505655674939, -10.97736708382823], [14.225283573137446, -20.38785536284983], [-18.449506862408676, -8.72933891726364], [-7.297431994114842, -17.62284860996074], [25.122552308536086, 19.685614172816855], [-23.587395344601518, -7.830845060376959], [-16.039734262081573, -2.9352838229674525], [-13.420968827352397, 0.10841346710540734], [25.35618918467741, -7.049331664209973], [9.007699717717962, 5.737266781222445]]
最小値:75.94636115203764
入力値:[25.872361181341304, -28.50604634697912]
経過時間:230.23219990730286sec
num_evaluation of BBF = 100.0
 input_history 
[[15.117213668532457, -26.300080189807883], [14.689420420908576, 26.77655563034567], [6.213573101729189, -12.745203472805986], [10.342153105757184, 12.72292720688369], [9.387017192316122, -21.184181058387388], [28.408534096182052, 27.323007109252735], [-4.522468032261521, 5.618239764532326], [-27.62228556798634, 29.318060073716318], [19.124699557397932, 8.19014054578004], [15.665084653301157, -18.71820428504483], [-11.540724594428905, -15.21638134285675], [5.762947207509029, -24.48570887017366], [23.736599112896513, -2.2634434721563395], [-3.311258102737277, -23.717321785605375], [11.094242223606827, 19.013639660546886], [7.773010287739915, -15.478643552152029], [17.12524329513058, -21.259233996993963], [19.63657973877583, 4.842322236713144], [-12.63763130529383, 0.7946039906243421], [7.731084183878821, -14.484630084441253], [20.81439362759844, -4.724777484043599], [23.540247435313923, 20.128113668852087], [-24.039149150422162, 8.775246566927535], [-11.37032601025545, 15.24319181899049], [2.5578994468638854, -2.5440675208969807], [23.722007072223718, -26.56478641198994], [3.439057552078758, -10.325334042199415], [-27.883599821192234, 15.211111122175055], [3.7044393641325897, 23.648720217372933], [5.895673654309853, -9.777943234183923], [29.113179322772794, -23.057156963441678], [-26.843895445272686, 13.957314567124854], [-7.7475060426309454, -8.312095282287803], [22.59192938937433, -10.362381209076801], [23.339315813046547, 8.639278753897337], [-10.257027366794272, -26.428040735251987], [-15.293438841566513, 28.10479207301097], [-5.6839415859627, -20.39799231328033], [-12.119205047948792, 23.97454673167949], [-20.10139706948987, 16.67160399403688], [-21.90812211618619, 27.683622806275416], [1.812323165493737, -27.409803864148714], [25.85728066441198, -8.506467332452686], [13.885276734006396, 1.4224808879849036], [-24.445091811302568, -23.63644691876648], [-21.046502958534795, -20.327999446989182], [-26.834652412529802, -27.179210098025987], [26.905697763523115, -24.522492600623142], [0.5011005533033739, -22.882210777585428], [-17.112728927477363, 15.784324366865029]]
最小値:75.94636115203764
入力値:[25.872361181341304, -28.50604634697912]
経過時間:211.26717114448547sec
num_evaluation of BBF = 150.0
 input_history 
[[26.288089261700954, -1.8172383166069608], [-29.661482764860125, 29.9524980838395], [-27.13360723884385, -6.6331257581678], [2.3434020408981553, 23.504006253253152], [19.386726699632504, 6.563198462677448], [-6.083862541448063, 20.06872314973601], [22.143503178340197, 22.314294440759127], [13.058186124800919, -24.13275936132496], [-12.085234311936063, -0.8446766407516222], [0.3032020320804705, 19.972404764250832], [-15.729793577824648, 9.87544533293147], [-7.548006152304353, 16.528953193581394], [-18.253540240652747, -1.402362396418365], [-23.78648517819559, -17.280589552021333], [26.110481180656187, -11.037173369530294], [23.578620245399897, 1.4581852491372764], [-27.65801091148648, 17.57890094003141], [-26.882586292050625, 19.616611701839375], [-29.47205335798323, 10.446679640800468], [-20.05716451523295, -9.427485712435193], [27.165083687720895, -0.8259916121488082], [9.445583109711464, 14.444105775689067], [-23.40432140776728, 20.327745486658678], [24.835196323353095, -20.674760859035466], [2.774305733686404, -12.98969260876445], [14.438803851587352, -28.30377642855004], [0.7528202064832215, 17.568891321398333], [14.084214467551604, -23.50897011398154], [19.976406524026544, -15.729556192975602], [18.46725787300987, -0.1722700882532493], [-20.350454091762355, 14.042440654020467], [18.474777128351818, 11.934068999156935], [27.8907803416177, -14.631332927642928], [-15.854260380121097, -21.166194491303997], [2.364372597039413, -6.033070656857067], [-8.600277077125597, -2.3817239440883284], [-13.527466324255585, -29.74437734009641], [-1.6949586689152731, -13.446929009511209], [-3.0129834642067124, 25.73250684069562], [-19.259675589916693, 8.249014680408571], [8.664893775746435, -13.122408986602078], [-1.7467201962559074, 28.17669849787945], [-9.452392475931571, 12.740710947130978], [20.413149340878576, -8.358533536982048], [29.394848043193818, 7.552154428657879], [0.05911623563534363, 12.894451050375025], [-4.570203968006453, 12.739603370615583], [-13.511856999923829, 25.632498860741308], [2.5177702760255656, -15.501030384764663], [-3.7681998941098627, 23.705792437253713]]
最小値:75.94636115203764
入力値:[25.872361181341304, -28.50604634697912]
経過時間:230.04131412506104sec
num_evaluation of BBF = 200.0
 input_history 
[[22.405764167508977, 28.11243976925592], [22.151672412835197, 1.8513414933359371], [-16.036300321362557, -29.316071743354208], [-4.171870902450571, -5.85891839775811], [1.360480281154178, -1.2964922518558524], [3.3213884293398266, 2.603161052552423], [15.65373453617574, 12.742474444925477], [7.180925766206379, -4.434493771428471], [-12.655498318914738, 28.43131447202677], [-9.97355726935978, -16.871936350810323], [-26.051496732767315, 28.972232793206025], [-22.328657224498087, -10.672152407749238], [-25.743429314988077, -16.513803661917272], [-6.381905103383705, 23.768700292838112], [-9.272303280127975, 29.084966237116276]]
最小値:86.3195137183894
入力値:[-26.051496732767315, 28.972232793206025]
経過時間:70.31865954399109sec
num_evaluation of BBF = 15.0
 input_history 
[[-28.276077062202276, -8.898915823792795], [-7.142466647768821, 15.849607881957603], [26.328234798646307, -10.81861221197834], [-4.0514440325750485, -13.79125550451208], [18.063353179583665, 8.29432836738728], [-25.878591992510565, 6.218668582146677], [17.7344735057386, -28.079510614452193], [-2.6731306736440175, 17.410352480297135], [29.315791086823758, 5.0378726100580025], [-27.66526214146069, -3.214625548925845], [-18.709649082401146, 7.623338811314902], [-17.08093203163523, -20.941793540550215], [2.1686584007744685, -23.97679234652704], [13.869505918839764, 26.379062366470485], [26.59909106779211, -7.5156896989334285]]
最小値:83.89351306312597
入力値:[-25.878591992510565, 6.218668582146677]
経過時間:71.66988468170166sec
num_evaluation of BBF = 30.0
 input_history 
[[5.7450147524415485, 9.718962736468065], [0.6348273151962189, -1.74644510136903], [-29.467662864890947, -25.926215786077847], [-3.911026296984673, -4.110382147178356], [-18.846978868813743, 1.7823190021142743], [5.9451751764083625, 13.25546800125501], [-11.616248601645989, -5.736272113514076], [19.366945229851588, 5.227821074117834], [12.390932604327375, 0.6349348009309459], [19.80369965958706, 13.240680688789311], [21.975700972898842, -17.79541367088057], [-12.087908922982486, -1.451758676173565], [-0.3837301247119207, 6.460567843067253], [19.136134621955172, 1.6634303051947263], [26.3522481614323, 13.403004899236429], [-19.274579059927945, 7.183524995754539], [3.7370030376980097, 15.804276878228784], [18.398780112793546, -12.082487846831999], [-21.696917597034584, 8.123874850731823], [-29.50149753404578, 17.314995869873364]]
最小値:82.41289539798727
入力値:[-11.616248601645989, -5.736272113514076]
経過時間:93.63396430015564sec
num_evaluation of BBF = 50.0
 input_history 
[[0.12464355812930705, 29.827119692191317], [29.042438842408828, -16.375282405003478], [20.997437411383245, 18.7690521382903], [-15.831937784865024, 9.411197652334458], [28.630260092895554, 13.89411088814456], [-24.262298321946812, 0.036366356658959376], [-2.2583952877187414, -29.955366633395627], [29.336336427625334, 22.657196470505703], [-16.96733082502714, 6.322650078757015], [-1.6828127678442542, -8.453465112403187], [1.757547138499806, 3.889386641024288], [20.012940074951423, -26.231200650900664], [6.381997389445296, 0.21676469644132368], [-20.382078430466713, -21.273271286623633], [8.27045172129477, 22.974368421677923], [-28.028051348965718, -4.318685911912791], [22.673584395689744, -1.4095752308800265], [-7.945767747054436, -15.560984888455296], [-27.10609337018221, -19.489993247451004], [3.406525959980968, 1.8051289783740216], [2.6532930370199708, -12.056835082997011], [21.925441872867736, 20.816792612796178], [-2.057978002169378, 15.081491807148126], [17.014240366000692, -7.914189088230582], [-19.36121396195929, -14.827769780938084], [-15.774536427236905, -6.486266289026741], [-29.56761542927159, -13.146548997803436], [2.224207016756445, -4.616441779321249], [1.9095794728424806, 14.404641585834739], [25.87292636549727, -10.440176852017647], [-13.765588679285095, -1.4265652817197498], [6.576972613825809, -18.76497394696502], [-28.320278070626298, -17.760386999501314], [-15.293726337338443, -3.820166257216247], [7.855754528289445, -11.914583010821286], [28.530402794744155, 22.2689004820259], [7.243921883721164, -9.726775545236507], [-19.81610370220068, 9.583809075053388], [12.926944186754902, -26.03395699246365], [16.506972621606153, 23.31772866692451], [7.933426374171653, 12.20115119616657], [21.806653383565795, 26.9234345931877], [-8.887414685826045, -26.44789171176212], [-11.342694514376394, -19.748941476496995], [-7.55707560111307, 0.23826191596322488], [17.42951417957596, 27.148914006187084], [-12.610749954003595, 27.1208456644583], [-18.957344098263015, -3.5963187959946126], [-19.050031234602756, -14.360941959289192], [-28.967586132623705, -15.223223010706743]]
最小値:82.41289539798727
入力値:[-11.616248601645989, -5.736272113514076]
経過時間:248.31722354888916sec
num_evaluation of BBF = 100.0
 input_history 
[[-6.809286503016306, -0.16991690689453876], [-11.787511078457374, -29.217536543935296], [22.61100768501106, -15.834296003135277], [-16.865911466308756, -29.750088072932908], [-14.398143865636836, -13.500450060408667], [4.405287504122086, 1.224395579054164], [17.953785349019476, 16.70067064613427], [25.804724128040363, 1.5425957138700355], [26.09743556691123, 18.981897670965147], [-18.65101281272208, 11.849708160510943], [24.898296115392263, 24.183086358443838], [21.702062120762207, 8.858183754780704], [27.602557533139063, -14.998993884259452], [11.842439809549163, -22.582091809227776], [9.766051028135102, 12.578449276137732], [10.319063040633026, -0.11097684291434717], [-5.315937655355999, 22.000751674928615], [-1.8150782897439015, -10.930694065060013], [-27.171771140505935, 9.547390101049551], [15.334070035045222, 0.23238297816611464], [13.76801553701764, 8.381322392078822], [0.13102410877293735, -18.70245476847657], [-8.567301240584474, 13.783341448043188], [15.033855607720469, -26.81236254905555], [-4.311849179172359, 6.544224559868397], [13.936851015751103, -6.049943416704316], [2.665436568466731, -7.28733276079463], [-9.595100195920608, -10.426590367031373], [19.23757641378387, -25.35805186248357], [-27.81804239926947, 11.104093659384212], [-8.220368952722069, 26.422220381126373], [-19.768920636797766, -5.300038047216415], [-6.085886270024638, 0.6344074025466142], [-20.585443184407097, 28.959972706789543], [7.9651544688576905, 25.78013168468126], [8.382329345810462, 8.153887829253577], [6.05994164735241, -15.227056975584812], [-12.799190988257692, -19.99003507245763], [12.451188516236968, 21.36829308445602], [-16.833243523983086, -26.27500217881077], [-5.792492920957653, 27.94262611067292], [-21.322334723444285, 3.328434847603546], [16.595655296325404, -18.305434733837718], [-9.075569635629858, -16.639593866349962], [-1.9842950116007891, 26.108273782936934], [7.873150901862395, -23.36792920439592], [-9.433634889865047, 12.2251684456838], [29.67170565084468, -8.279909769097777], [1.137313772561395, -16.570184395739105], [-9.15179854295118, -22.024855547516918]]
最小値:81.65315824262889
入力値:[-27.81804239926947, 11.104093659384212]
経過時間:328.1059341430664sec
num_evaluation of BBF = 150.0
 input_history 
[[-18.934069285031818, -12.065321172494265], [-27.085106752318353, -13.332072569057793], [-25.013423025610084, -28.25119043412457], [27.877354916036367, -10.416166914510399], [11.310345553198232, -13.217078300441855], [-3.58324075346664, 19.15696402519024], [17.60803585793355, 1.5616635116805533], [-8.770107331150161, -10.487729221715561], [22.98440504518313, -23.28269603543128], [-7.031249599381223, -27.554413985581792], [8.050509400326476, 26.530836853112746], [4.134026762419879, -8.20645812224629], [-11.225785228029167, 12.184554224063405], [-21.149053360632994, 13.266175527773399], [-20.22286808031556, -13.238257906276004], [28.330746643790967, -10.130143176640939], [27.668081485764297, 23.952155256546867], [-18.66602326563883, -27.89052094188241], [-7.556391852240058, 11.562327650031882], [27.02953078764844, -8.52888654095452], [-7.882673244537404, -21.68045421540928], [15.390754004151653, -1.9006463403336191], [-1.1054281394031342, -18.728731686180126], [-26.734669921999593, 11.19194803457227], [-1.018644576637108, 19.641063311008644], [-28.333436010837193, 19.95764720790821], [20.365129694630944, -13.361342678904705], [-10.174670628883817, 13.553943726771898], [14.287066376977457, 17.67955402188148], [-24.961057820401575, -2.6269620661025535], [21.04672737698877, 29.352125740010514], [13.418034590309674, 18.491477523705235], [-23.259885635843645, 28.79363138117362], [-10.474631990118162, -19.313110651377826], [10.212923300640497, -29.604285407170515], [-4.693368286520137, 11.785575177308885], [-29.72705493636653, -10.553989084986018], [-21.44130305278487, -22.826178746389306], [26.35834106839105, -25.531403920215414], [-1.522538061481928, -9.80703963943408], [25.971006984599974, 4.9582633442846955], [10.782774351744614, -2.2602419164648566], [9.950374491016078, -26.143700685983166], [1.496312327044894, 22.134038228761582], [1.7342295820237261, -5.912628016901703], [-24.602037645760753, 9.16658983103001], [11.053438094043052, 11.903351834386825], [-15.207700141983194, -5.533553769217406], [-1.3692026890894624, -13.054992177413261], [-6.491834529115238, -26.555061104857753]]
最小値:81.65315824262889
入力値:[-27.81804239926947, 11.104093659384212]
経過時間:315.21365547180176sec
num_evaluation of BBF = 200.0
 input_history 
[[-29.377550766858004, 0.11247552892432466], [-0.2536024119512348, -21.970228262443406], [-21.473334872727687, -16.886479462435307], [-4.88950916937285, -15.113929895186454], [-24.956420930078995, -9.270081596975995], [-19.993419208060715, 22.713545131959542], [27.05784189760299, -27.67509745006081], [11.946443483925663, 4.365588934164556], [23.88042709350897, 10.0139383751782], [2.870266982788891, 12.145645444083314], [-6.811369823120078, 11.666320665867495], [19.492227870032885, -2.0598914779640474], [26.431464571599363, 18.22438620073907], [29.001554893459954, -19.821824544973975], [1.2650826875878387, 26.73104501857444]]
最小値:85.45328997390321
入力値:[-4.88950916937285, -15.113929895186454]
経過時間:97.12164855003357sec
num_evaluation of BBF = 15.0
 input_history 
[[8.972427789628568, 21.649915393541804], [28.250760725413507, -18.867498783932355], [-15.41305948119549, 22.404050586067484], [24.37663661541046, 15.496679207798927], [-9.185882773468819, -2.187917160956548], [6.63226445088776, -0.22309693972878009], [-1.3215591876991866, -3.866672114019252], [22.224497785591865, -18.758481176314703], [11.260445591560512, 12.211750428083285], [25.512004636266447, -27.632710939543976], [8.82700281270668, 8.2832390830431], [-2.2981402517581806, -26.816434530876418], [-27.6857446102585, -19.828115147527388], [17.67287321871236, -20.24363720639515], [-21.675678013226886, -8.824982806039085]]
最小値:85.45328997390321
入力値:[-4.88950916937285, -15.113929895186454]
経過時間:92.29227328300476sec
num_evaluation of BBF = 30.0
 input_history 
[[-0.9300926908318736, 11.864183107426655], [18.069385901741157, -13.993537375683523], [24.568572555495017, -28.627983001819388], [-7.492634250253566, -18.022000281106518], [-9.43168625031538, -3.3532622973572117], [-0.11162337829243896, -5.139220512022703], [-17.144642226903755, -17.001617236388274], [-16.061572365210083, 13.745137237584757], [-5.044879979112469, 5.033890680827973], [-0.33980369203759864, -4.197191147328809], [14.085949022170176, 3.3729892082189323], [-11.842161500399609, 28.247891688807357], [-16.50944327260175, -21.673850582719638], [6.895948521733125, -0.48426364291522717], [-19.01083598080677, -23.441369090118016], [2.374531495405435, -12.642043107105373], [-23.816756889232597, -0.5639071095410593], [7.92550108394731, -27.721846984383106], [0.006475226505553877, -24.987394204233283], [17.479094084662556, 15.482161495366277]]
最小値:82.09562987249058
入力値:[24.568572555495017, -28.627983001819388]
経過時間:111.52103304862976sec
num_evaluation of BBF = 50.0
 input_history 
[[-14.263606751822886, -23.948484537286703], [25.03156236962601, 1.0476145061298254], [-21.98761944459398, -23.247413157398604], [20.49846890484463, 2.7644841918252823], [-14.339005011148323, 4.549531069191836], [-11.16884359332466, 17.497391118404494], [-0.41455689582247146, 27.909491007602796], [1.218716669829199, 24.181295729836165], [-15.011726363860983, 1.289238191036425], [0.34474100340025515, 18.78428884369584], [-25.608346726150195, 20.172420044684728], [18.254138122729785, -5.620723748816047], [-27.81292510066997, 16.035246417154553], [10.735654141836115, 25.135733295445057], [3.61113733812342, 28.063137583544346], [-11.49693893545901, -9.666602033078863], [13.852908686818004, 12.082194356058707], [13.520935311975116, 23.63656464401314], [12.998945243608404, 10.929166210284166], [20.587010523126715, 8.707139909710364], [-11.838066712274486, 19.726872134974464], [-15.316827139419049, 12.226841579548854], [2.153294450618233, -7.15142887508922], [-19.282923890468858, 23.14989626598335], [-25.185990390912792, 18.215318824530897], [11.008221113612656, -2.279373522119748], [9.842958566483887, -13.040024262260005], [21.69448649619008, -19.291226646435806], [4.7826468956367805, -2.18193705188186], [10.393309603160773, -1.4325327353250614], [27.15066921055024, 21.195457824972458], [23.910426358268275, -28.46585380005853], [-20.61462586929394, -1.3861109895823702], [14.083310460799893, -8.621431360502534], [3.8672179606488726, -27.271830110828844], [8.426478335977983, 10.872382848469833], [-6.261751493371108, -21.799619379706506], [-5.012534870425078, 14.307770049383478], [5.058458145414093, 23.005993565098144], [4.72497667923524, -19.321772382484607], [5.505101584058529, -26.767335379418185], [14.604787972629367, -17.937740311276738], [24.280520548323224, -1.5859271855303518], [-3.5008089503443713, -21.83521787365802], [18.46173585304784, 25.02172544890184], [11.675309523422122, 10.052667535537054], [12.397065891586713, 14.68881607544759], [12.875709542470638, -21.42224855548499], [9.981476871417577, 24.621443592305084], [-28.05450246824839, -18.911137510169088]]
最小値:80.06071723596398
入力値:[3.8672179606488726, -27.271830110828844]
経過時間:300.6025950908661sec
num_evaluation of BBF = 100.0
 input_history 
[[15.741125063302839, -27.487995015074546], [-13.260811618187724, 21.477624827015305], [-7.8576002119186725, 23.93951252118122], [-12.654130124850148, -7.1805911435592655], [-23.43759643877953, 18.87747667137608], [26.009126531337536, -19.013568644953782], [-11.328085989237188, 10.482242596409584], [-25.253937469422155, -28.036560341931605], [-10.405462871803465, -6.803268340997018], [2.9380407059741387, 3.175870346593335], [-10.1923695774172, -4.460933926814839], [-14.888588457551172, -17.841892061669192], [16.651530783954584, -21.624429025878698], [-2.9277776421076105, -22.648642547345162], [18.97715409068526, 20.609395726595764], [-23.11349655889654, 13.258902549196065], [25.39892891908829, -6.838144070838492], [16.626768346267156, 25.433142276630242], [-29.702915412510066, -13.644971175751273], [-27.808852636123625, -18.048494707381096], [-29.327529220106104, -27.066027999634095], [8.960556391182223, -12.676587927253564], [20.664614016423535, -10.002187903652075], [25.27841969403365, -22.116798177571667], [2.9402992960256427, -12.333929917631053], [18.369192110348365, -9.739403767122564], [-22.738235960686197, -2.664147817188482], [-15.007100013190035, 14.713986272903625], [14.155202819245197, -29.387708600042924], [-29.820481826824818, 25.080385063005053], [-10.627496350476061, -12.217257264276135], [-13.744431591982643, -15.256563338033732], [16.52215865386942, -14.205691203262907], [13.1392268366589, 10.397326560233978], [3.0320276901945604, 10.966381571160731], [-19.558024493998396, -2.128915821996131], [-0.36246534433220745, -28.35532390607335], [-16.905699705544215, 26.004529186943145], [9.518657244955847, 28.71974941466349], [-7.8411574883216275, 15.743422776110613], [5.979909588597103, 6.12554357574399], [-23.20154153387316, -16.667952889002713], [-25.66424858190456, 0.318168312754878], [-9.294049576696185, -18.196767199568], [-7.518169985312223, 1.5844033671586466], [12.649615990243966, 5.398280038527098], [8.345459575397818, 6.225714666976742], [-7.585505762893902, -10.466741506025969], [3.6685254207727453, 14.97980991696243], [25.15144966264313, 19.66014993622288]]
最小値:80.06071723596398
入力値:[3.8672179606488726, -27.271830110828844]
経過時間:282.4361627101898sec
num_evaluation of BBF = 150.0
 input_history 
[[3.223641722427047, 19.489315220008322], [-28.30607679336803, 17.85126925519203], [-18.030677690835056, 11.150457565105974], [19.511385391814187, -11.102215157098087], [-6.015155791028189, 29.13533387739782], [-14.786118562396059, 15.320359438416808], [-5.636425461702416, -11.086203842172726], [16.230955326432564, -3.0083653922008295], [12.605157966350568, -16.66797363592582], [19.43021474063567, 13.006447069266287], [-0.045520638752119424, 17.49306060277086], [25.182318991600596, 17.243335276016182], [-12.129789965565017, 13.040103907188765], [6.903407866620057, 20.479381340926345], [-5.725921647692839, -2.798319005984787], [-24.374124929983864, -16.881380673720074], [1.7605494655088165, 1.7319796293425753], [12.784586983432419, -12.816448413438287], [-23.035690133207176, -18.76490307007696], [-3.9768534892766674, -18.86745763885955], [-22.592053904861906, 13.50152584955027], [24.61006533679557, -26.345280511615677], [-27.490534554257287, -12.85716493059974], [4.778613676480219, 26.295684786898455], [4.901114420938683, 10.799025509597925], [8.99872463438983, 26.73027533646041], [21.40252079442022, -8.339524456443542], [19.3303697908692, -14.326987101038961], [29.16214061616084, -6.012400815017621], [3.2670127855157602, 8.866852572376594], [-11.159947059136343, 22.211182636358885], [29.387534753324253, 4.170510127268642], [-16.633745794052015, -12.85184249758715], [19.08736721169476, 3.6615134628435655], [2.5435496478073674, -21.026369914250502], [14.414691354652525, -20.60906968643909], [-18.79513253079591, 5.166857915645039], [7.1488415679421, -18.61290831259915], [26.10905895918353, 12.48715751939082], [18.102989546380037, 16.845317374260276], [1.3983215165740042, 7.906315312693479], [-28.875609466497302, 4.980798394858773], [6.584105579242895, 10.067749396112688], [-17.782798138034384, -10.752391283509514], [28.408947579979667, -13.571463887093056], [11.998878544475453, -14.081685933197043], [4.361847350312736, 22.328536433002803], [19.024959604427046, -28.24619079500614], [-4.538336839893265, -6.383392264267652], [24.019537892833355, -27.851640344523183]]
最小値:75.1715708633416
入力値:[24.019537892833355, -27.851640344523183]
経過時間:291.55387783050537sec
num_evaluation of BBF = 200.0