
BO_ratio_matrix = 
[[87.62282861 86.02286555 85.87991992 85.18644456 86.70235499 91.74497996
  83.25339243 86.76699981 87.59978297 85.05618539]
 [84.94175616 86.02286555 85.87991992 79.3241493  84.34500485 83.72729696
  83.25339243 86.51771715 85.22337253 81.98665891]
 [84.94175616 82.58182523 84.27652517 79.3241493  83.9477548  83.51655288
  83.25339243 81.39869424 84.28164729 81.98665891]
 [81.83637159 79.28950379 80.53956954 79.3241493  79.05986734 82.57743879
  83.14128181 81.39869424 83.20850159 78.83449168]
 [78.79525143 79.28950379 76.72742536 79.3241493  77.70068455 75.53116166
  82.39741959 78.01769545 76.93927386 78.83449168]
 [78.79525143 78.98391214 76.72742536 79.3241493  77.70068455 75.53116166
  82.39741959 77.04980505 76.93927386 78.83449168]]
RS_ratio_matrix = 
[[89.18919194 86.18075976 80.8097617  86.12750406 84.04359863 85.00632867
  84.70554401 78.4012094  89.10965803 88.21543494]
 [85.40946098 86.18075976 80.8097617  86.12750406 84.04359863 85.00632867
  84.70554401 78.4012094  86.60524067 88.21543494]
 [82.44197879 86.18075976 80.12351848 86.12750406 84.04359863 82.3414582
  84.70554401 78.4012094  85.07676433 84.74924369]
 [82.44197879 85.14119685 80.12351848 82.40018246 84.04359863 82.3414582
  84.70554401 78.4012094  85.07676433 82.64855566]
 [82.44197879 85.14119685 80.12351848 82.40018246 84.04359863 82.3414582
  84.70554401 78.4012094  84.29246985 82.64855566]
 [82.44197879 83.98250695 80.12351848 82.40018246 84.04359863 82.3414582
  84.70554401 78.4012094  84.29246985 77.60137522]]
Mean Accumulated PREC(%) 10 times; BBF=[ 15.  30.  50. 100. 150. 200.]
BO_vec=array([86.58357542, 84.12221338, 82.95089564, 80.92098697, 78.35570567,
       78.22835746])
RS_vec=array([85.17889912, 84.55048428, 83.41915794, 82.73240068, 82.65397123,
       82.0333842 ])
Median Accumulated PREC(%) 10 times; BBF=[ 15.  30.  50. 100. 150. 200.]
BO_vec=array([86.36261027, 84.64338051, 83.38497266, 80.96913189, 78.40647344,
       78.24796799])
RS_vec=array([85.56691636, 85.20789482, 84.37457132, 82.54526723, 82.54526723,
       82.42108063])
Min Accumulated PREC(%) 10 times; BBF=[ 15.  30.  50. 100. 150. 200.]
BO_vec=array([83.25339243, 79.3241493 , 79.3241493 , 78.83449168, 75.53116166,
       75.53116166])
RS_vec=array([78.4012094 , 78.4012094 , 78.4012094 , 78.4012094 , 78.4012094 ,
       77.60137522])
Max Accumulated PREC(%) 10 times; BBF=[ 15.  30.  50. 100. 150. 200.]
BO_vec=array([91.74497996, 86.51771715, 84.94175616, 83.20850159, 82.39741959,
       82.39741959])
RS_vec=array([89.18919194, 88.21543494, 86.18075976, 85.14119685, 85.14119685,
       84.70554401])