w=0.65w=0.4
position_history=[[2.9288102356394887, 12.91136198234517],
 [-4.580712039665716, 8.753646783999365],
 [27.81976563006176, -6.993508870453336],
 [4.082673665635937, 25.535798297559666],
 [-28.786896153580457, 19.957190732876278],
 [-4.439911303892666, 21.987257980518528],
 [-29.925761776663524, 18.55431822223685],
 [-23.443286976987174, 23.683439725812185],
 [-30.0, 18.115801063419916],
 [-28.425292377345652, 20.438206525597142]]
最小値:90.46283348725467
入力値:[-28.78689615  19.95719073]
経過時間:60.12971806526184sec
num_evaluation of BBF = 10.0w=0.7333333333333334w=0.5666666666666667w=0.4
position_history=[[2.9288102356394887, 12.91136198234517],
 [-4.580712039665716, 8.753646783999365],
 [27.81976563006176, -6.993508870453336],
 [4.082673665635937, 25.535798297559666],
 [-28.786896153580457, 19.957190732876278],
 [28.71710053396584, 17.949513853003417],
 [-22.903534447864008, 8.395261279651429],
 [1.3108993050043019, -5.120283600568584],
 [-2.630980067007087, 4.106036932118911],
 [6.725743363345288, 7.016039812485417],
 [-30.0, 6.919854342269413],
 [-16.231326109469776, 9.067549848984319],
 [-30.0, -3.8104413795910546],
 [-30.0, 16.247146424471723],
 [-26.508381797266534, 17.947576025908752],
 [8.365190926299277, 11.315169823595884],
 [-23.426616292997405, 9.047442357990818],
 [-30.0, 11.631559346029938],
 [-14.803194082597562, 5.309669028187278],
 [-11.466650044611367, 8.425430414678077],
 [-30.0, 4.653945680402154],
 [-30.0, 9.208056622629675],
 [-30.0, 16.414200682478096],
 [-30.0, 10.694040265615786],
 [-24.81698393356849, 12.021452449024933],
 [10.941022745332193, 17.709552242321745],
 [-23.723029338573, 9.417011635716472],
 [-30.0, 19.58704659395182],
 [-30.0, 10.337059697312558],
 [-30.0, 9.84774459531849]]
最小値:86.7963855000316
入力値:[-24.81698393  12.02145245]
経過時間:173.82190251350403sec
num_evaluation of BBF = 30.0w=0.8w=0.7w=0.6000000000000001w=0.5w=0.4
position_history=[[2.9288102356394887, 12.91136198234517],
 [-4.580712039665716, 8.753646783999365],
 [27.81976563006176, -6.993508870453336],
 [4.082673665635937, 25.535798297559666],
 [-28.786896153580457, 19.957190732876278],
 [28.71710053396584, 17.949513853003417],
 [-22.903534447864008, 8.395261279651429],
 [1.3108993050043019, -5.120283600568584],
 [-2.630980067007087, 4.106036932118911],
 [6.725743363345288, 7.016039812485417],
 [-30.0, 6.925838766668999],
 [-16.23964781463475, 9.119786249088596],
 [-30.0, -3.8065887236240004],
 [-30.0, 16.192096997765262],
 [-26.47129423047322, 17.996910979008327],
 [8.360054841266336, 11.352573713767411],
 [-23.474169188009533, 9.106731546930764],
 [-30.0, 11.6681238379545],
 [-14.867355442539383, 5.325353761130728],
 [-11.40748363414275, 8.449673121225208],
 [-30.0, 3.8935445651900427],
 [-30.0, 9.35182050449953],
 [-30.0, 16.924580589744718],
 [-30.0, 9.366567461793327],
 [-24.626361302634763, 11.842285385590932],
 [8.205152861473156, 16.84179921316329],
 [-23.8736135061114, 9.604760734026298],
 [-30.0, 21.896303618948767],
 [-30.0, 10.57490019758582],
 [-30.0, 10.112015255656202],
 [-30.0, 11.714293033008127],
 [-30.0, 10.935897244843364],
 [-30.0, 8.553611437225937],
 [-30.0, 8.505531695329358],
 [-23.51940154593169, 8.149510029540494],
 [-26.944049988526256, 15.073126215772415],
 [-25.188567225815675, 14.373467846957904],
 [-30.0, -2.1031814531654938],
 [-30.0, 15.167167752664685],
 [-30.0, 12.678923249291454],
 [-26.741152568122835, 7.822152099512958],
 [-26.939231448678143, 12.007612403141412],
 [-30.0, 4.609633086388893],
 [-30.0, 20.265537047078013],
 [-25.653477630632988, 15.144026220222363],
 [-30.0, 14.188789717076977],
 [-27.00081266718513, 11.568115456355208],
 [-30.0, 18.338737459605895],
 [-30.0, 12.910825233441544],
 [-30.0, 15.066537521906046]]
最小値:84.96669124543232
入力値:[-27.00081267  11.56811546]
経過時間:281.3829712867737sec
num_evaluation of BBF = 50.0