
 input_history 
[[2.9288102356394887, 12.91136198234517, 6.16580256429863], [2.692990979813814, -4.580712039665716, 8.753646783999365], [-3.744767324238449, 23.50638004692479, 27.81976563006176], [-6.993508870453336, 17.50350228495988, 1.7336951851742697], [4.082673665635937, 25.535798297559666, -25.737836508126783], [-24.77224201790756, -28.786896153580457, 19.957190732876278], [16.689405056991028, 22.200728894809153, 28.71710053396584], [17.949513853003417, -2.311238264824091, 16.83175057718733], [-22.903534447864008, 8.395261279651429, -21.398802755457215], [26.680135022975037, 1.3108993050043019, -5.120283600568584]]
最小値:84.43731355657621
入力値:[-3.744767324238449, 23.50638004692479, 27.81976563006176]
経過時間:41.52930307388306sec
num_evaluation of BBF = 10.0
 input_history 
[[-14.126663273722382, 16.454021366053, -2.630980067007087], [4.106036932118911, -28.872611973818692, 7.058129824552623], [6.725743363345288, 7.016039812485417, 26.624884710877453], [10.909217946209004, -8.42952596557284, -3.778082772039511], [11.857871755635891, -26.38647170224381, 10.00600292674006], [10.238272177089563, -17.377046335569545, -22.264422140708803], [-11.074298944548968, -8.177353743442644, 4.2118062250727775], [-3.683909192260778, 29.30243028355357, -23.877311355118316], [-17.46739463430992, -20.321428926900225, 9.186499527923907], [-14.802503847613073, -2.021353628621622, -15.334464479903836], [-20.46182498126882, -23.37749153014169, 9.379775367916409], [-21.70902291908317, -18.20505829919679, -7.876489760342153], [19.259593790876103, -24.173923452416325, 20.276694449928236], [-24.234095526362218, 28.587567900803748, -1.8809279011379054], [28.60566529142023, 6.290731184702757, 14.355814763898103], [-27.64873246474076, -13.031582245415425, -22.788206327209863], [-12.231588148671303, -22.876336862745354, -10.921009236361439], [-5.1442203291198005, -26.15115021907294, 11.54832716220119], [3.99608725239451, -14.076630543633275, 1.3948832080019784], [-24.3635693544935, 4.556789733370756, 25.757771854572844]]
最小値:81.86914620226794
入力値:[-14.802503847613073, -2.021353628621622, -15.334464479903836]
経過時間:84.0271909236908sec
num_evaluation of BBF = 30.0
 input_history 
[[-10.885862852920582, 10.0446227978209, -22.09212825573647], [12.979632247113933, -12.635634423167936, -19.00851827957299], [5.190776088604991, -28.793547228750388, 19.736401753041783], [-29.718271428447174, 10.668992207773805, -13.799521608470108], [14.111641327355692, 27.731312707046293, -15.074811388802518], [4.569440065070211, 5.522515876310344, 4.335114347452404], [-16.6151020415629, 27.164940691019098, -3.17247728294236], [20.78452034826767, 11.96875651905026, -12.15378294869198], [18.827869182148632, -6.209655549180923, 22.86619182666969], [4.876372358151521, 22.904121711291168, 11.551895404665956], [13.51525678917843, 0.07946291560213581, 27.36501808339343], [8.639411953778243, -4.568697086509218, 6.383592847675459], [-28.84840810143999, -11.905510999527039, 9.6104122495611], [-12.595343567373355, 7.080925739930493, -4.273877943254032], [-21.871556146652985, -12.103060442638153, 4.1978946420758945], [5.452365674890395, 4.459514930974727, 9.19204919142802], [9.126196200101333, -4.114893873961563, 23.792795751063778], [-7.946287797126207, -3.8481044840623895, 23.515401300940326], [18.371639342765143, 12.233315012421983, -23.986386761261933], [25.168956824680414, 12.854477972946682, 29.930820394071993]]
最小値:77.1109031165344
入力値:[14.111641327355692, 27.731312707046293, -15.074811388802518]
経過時間:86.84675598144531sec
num_evaluation of BBF = 50.0
 input_history 
[[-21.033101720520374, 22.087563442092858, -20.25042391941751], [6.933573857030652, -22.57080102903351, 20.880493759334065], [18.43913752350064, 4.146044316875596, -5.569002166440022], [-25.849980272691717, 11.845726388673818, -2.7874390393158706], [13.323335968220874, 21.98293955571775, 28.531290300173147], [21.348200543556658, -29.29715494889988, -8.401316131298167], [13.79943374544348, -19.70221936431357, 1.2621963722477574], [-26.73972069964478, -18.000208506215998, -28.888692332363163], [17.62186220144524, -16.564518716377194, -9.278899158185837], [25.684877607935455, 12.264864115411967, -28.089664228121528], [-20.118350610125233, 7.2887040899858135, 4.633715316250054], [-15.726430717529482, 26.052839875487628, 6.837957357953762], [2.1379681814974987, 5.394598581274259, 13.80732177100618], [-11.283300271223887, -6.1067362670344885, -17.40937506149267], [-18.828419647179828, 26.66234339903602, 14.373047702957251], [-0.5724714829459749, -16.355122321600604, -14.738611093776424], [-26.518250380567462, -3.9350024665127528, -11.292247080353846], [11.780609328927568, -7.334889642451145, -19.223779346421914], [-28.519276296520125, -25.965022112205084, 10.763566409914041], [-2.778189326637282, 2.1947526665233283, 23.800277582420527], [29.42033684380226, -16.986180936091564, 9.784692186006048], [-14.20065739577096, -28.76094003205628, 15.502719230168488], [-10.798970950651928, -6.992166349686123, 5.299026813216344], [19.862907314171423, 7.7389106154689244, 22.359039326843714], [-13.587477911061853, 17.882810034753824, -18.861843341642867], [27.167499418316673, 11.249296583268915, -17.069539373186494], [26.842235429335453, 13.851348406209468, -14.76350144429845], [-17.201281357951082, 1.092042835839795, -28.460236916728107], [-17.551795473533435, -4.518871874909625, -7.549801179946467], [-2.1854745381113574, -13.342277622316086, 5.2070607874901285], [21.831336355393887, -22.948088642278016, 1.0427464292468507], [-22.0759136192908, 13.011580871555623, -6.236417831562374], [3.9252787115105363, -19.00320982715528, -21.309134439397365], [-0.7166231610627278, -8.663235729002665, 26.425916715168782], [15.919515228417914, 14.919817191032841, 24.22318438475601], [-24.99465387347889, 3.1315481953443935, 5.068564137346129], [27.716182712833742, -12.47114839244707, -15.550273205073191], [-23.982363464070133, -29.01422222451155, 25.77175900753143], [10.194992795454603, 17.109174721388264, -13.096193654763056], [5.184609971179604, -26.162684032741133, -0.8623442439226245], [28.64970838466681, 22.59031471899545, -9.710462889789262], [27.694209272489914, -16.09790241172773, 26.959129344940884], [26.482662282389917, 17.9521552411435, 7.82687621200747], [22.457277997496817, -12.418782929532199, 20.936613318775095], [7.072601515051431, -29.20578853446603, -9.165988924066827], [-21.111548343110098, 28.90976338909519, -1.2977815776007162], [-0.15651807008023866, 8.368350983923413, -7.88492363222295], [-21.785983698864065, 19.327063991654732, -18.609125285834523], [0.6791389527873619, -16.540978261515644, -24.12933093035796], [21.731491045301, 28.375169341387817, 27.65007948378001]]
最小値:73.46396704338284
入力値:[27.694209272489914, -16.09790241172773, 26.959129344940884]
経過時間:213.72683000564575sec
num_evaluation of BBF = 100.0
 input_history 
[[24.393329953270737, 16.442839961918324, -10.011290878281486], [-25.133916600720195, -5.565529715171561, -16.065951469743435], [-22.05074191452102, -26.794369092790483, 13.535661852634725], [-29.314352482498137, 16.234844910166572, -21.183201275977495], [-25.228675044794656, -24.623817945683676, 10.322868441234867], [-15.277967408829314, -4.767631999194094, 3.4421274794350154], [21.633070429727624, 13.622655762679699, -13.78032568567712], [-22.111032042532344, -26.677540774728122, -11.904081931143452], [-14.272911045619306, -2.6315659919712218, 10.996880132860824], [11.737526738331432, -12.988869205070003, -7.204382645992769], [-19.130942295785818, 17.312730738391124, -26.589115414005583], [11.819834503499237, 16.721723756466204, 16.64445371092519], [-14.434646139278705, -7.571211724046314, 5.255978111783342], [-13.63068585453198, -7.748832046926676, -18.17674318886162], [-2.408646974639556, -27.323261924753155, 17.987753074237084], [-25.382613180802036, 1.1301089298915628, -11.591394027288231], [4.652576929882528, 27.56600045000551, 8.734214667360234], [-27.878253854670547, -4.175853629516325, 0.6010111390950144], [2.17064968220712, 10.883550636230275, -13.344234136094034], [-22.26836607202079, -6.43945940717434, 27.384343367756927], [-18.772146494949315, 24.239037295694224, 2.6283570046395823], [-2.5853147012540525, 22.922484613793372, -2.4837622938848476], [13.450058196692595, -6.058480697813881, 24.242663574057467], [11.401501211473644, 11.977323255031003, -10.336775906572868], [15.40671856421335, 8.163663326828477, -15.598783597217427], [-20.367670650884616, 17.783488471039902, 27.549996182113347], [-2.5116703643974283, 5.459049919421098, 21.463358651613277], [-2.566592798768575, 27.112468609964168, 4.545069722692347], [19.246027242078895, 24.530623104764302, 18.931429126114132], [-20.435132193062643, 7.733906343702024, -6.093944482819374], [-26.23722287859926, -4.558064886609483, -14.478955986635537], [20.942298505710646, -28.00172240719823, 27.538963311808416], [-8.677869091684222, -8.597586575847426, -29.020289838977526], [-18.886060485828963, -5.924429951783477, 25.757485038162834], [-24.02310418672372, 26.71809200874477, 22.16931183279793], [-2.750256185546892, -10.397947093904396, -16.03535224325659], [6.867882388612458, -28.015524511469664, -29.063636133190307], [-4.2722566501057315, -25.91555556151679, -14.883540705234426], [-16.73034507923497, -14.808528376628885, -22.136686127084534], [-29.277826626140744, -23.070942171675114, 7.108815570764875], [28.45537276908302, 29.420700093653636, -5.456754277616305], [-20.222734437203677, 8.325705441991758, -0.5816792070757728], [29.36458663706589, -26.08174757089319, 16.994066298828784], [-12.696090160110366, -15.51488279540556, 9.750274291960558], [-15.236208900542131, 9.95154705355126, 1.0385110321373254], [-4.554660693849041, 3.281268519685142, -12.776908804822217], [12.394482376378733, -5.108587839986157, -8.367266370846465], [19.719414873344263, 25.49801471719153, -27.239561346762184], [-16.04238043021407, -9.088837830446206, 18.897988762214844], [29.12948565859785, 28.138302280221104, 24.29690073299561]]
最小値:73.46396704338284
入力値:[27.694209272489914, -16.09790241172773, 26.959129344940884]
経過時間:213.6003270149231sec
num_evaluation of BBF = 150.0
 input_history 
[[-12.206624096158208, 29.520674604868447, -15.034797536612928], [-23.64563070706607, 27.057156663323646, -15.994784671914221], [11.386095904665027, -26.498618461164682, 13.842545947648567], [22.903212740030384, -13.65378627204225, -7.256586235354288], [-7.542229000745035, 14.92729545240799, -15.731565447657669], [-19.68881405714142, -3.0425010787357145, -11.73189555736083], [20.351347335519144, -15.735490439061675, 0.14336744935568646], [26.555015981875826, 8.039861864679644, 22.037364327747888], [26.412581361286044, 15.045891713181113, 11.974503613485084], [28.07793399625362, 29.664047378860765, -2.8906990398144217], [-25.7478133089475, -12.432358113568867, -20.858717658736172], [-4.95081751223929, -22.12264029160464, 6.247068241252919], [-7.0315164505287555, 23.7231530572926, 28.06768030791011], [2.81309410016533, -13.510585807944203, 5.533825125710209], [23.805669493464592, -5.5959992498551046, 3.1246966015182522], [-13.700833943631249, -2.673351032998383, -5.897187877224081], [-15.095192095021739, 0.35198302951850025, -11.377150441211313], [-7.61790816715515, 1.4982265352558564, 15.03570137573925], [-9.989552052523479, 25.449525997245814, 21.73911281015414], [-27.078582241468286, -14.781448544590635, -3.2318692404478853], [-23.722326675451555, -9.091440657990177, 14.405851537060947], [10.830868868569553, 7.343065713960293, 12.631704163340736], [-17.704578782417894, -9.498113108116073, 10.574548936647773], [22.754085781879624, 2.62068322968571, -13.038020943267803], [-28.185884519641043, 12.6202097384528, -29.52695378949358], [-7.63925581074027, 1.832232873766909, 25.326687706031585], [-24.630327298025993, -5.643460681902976, -28.541208017390534], [-9.44334093950458, 7.333863530387696, -13.255923106284097], [-17.415003020661892, -23.05780600037438, 4.628414641220509], [11.716200354281163, 10.317428435749342, 26.931661243230444], [-29.837807166389837, 8.831799233642158, 6.02353422585837], [5.324376598217292, 27.766219190414546, -28.98769959779762], [11.788945842087003, 18.820718982111806, 0.5884317972950477], [-9.962107824191449, 17.450409793644297, -24.16542446205452], [-3.477861736204485, 1.1971424742502919, 11.637384656072854], [-24.546856078055434, -16.334429907728342, -5.381906238592464], [7.3976803812078415, 23.217646873045048, 7.129570094482588], [-21.992311743903933, 28.83480796723694, 22.307144085329575], [0.16324566871944413, 25.34087890779798, 2.4828476254281497], [25.39836407334979, 19.793842116200594, 28.097184617657838], [25.1869686466895, -27.83797095428583, -19.513679750343602], [-6.651919373928855, 27.128561837725243, -11.998264831444224], [-20.37194136674394, 23.178279965193596, -3.2163350710078262], [24.472535661259563, -20.386172020791406, 9.667050690485972], [-3.5841748302304914, -25.410793858182878, 11.787788679150033], [-15.156074667650778, -27.623068645228937, -26.403342105025605], [-26.33528777599276, 24.463977449102366, 14.393035069746063], [23.883741432824102, 10.354938677791282, 1.7363957418529878], [-11.733218139157305, 29.87773507972041, -8.268656463636638], [-1.761063047165429, -7.305289504592295, 28.771615760127517]]
最小値:69.70465258136483
入力値:[-23.64563070706607, 27.057156663323646, -15.994784671914221]
経過時間:213.79292750358582sec
num_evaluation of BBF = 200.0
 input_history 
[[-4.978679717845559, 13.219469606529486, -29.993137510959308], [-11.860045642089613, -21.194646550973218, -24.45968431387213], [-18.824387317339745, -9.266356377417136, -6.193951546159802], [2.3290040402014185, -4.848329135802313, 11.113170023805573], [-17.732865016108953, 22.687046183456722, -28.35674440812443], [10.22805061070413, -4.961711857972382, 3.521389706745097], [-21.576783684285974, -18.113910654907272, 18.0446741205322], [28.09569454316385, -11.194549310445431, 11.539356940158846], [22.583349137762298, 23.67639981023084, -24.897347317813328], [-27.656713006027058, -19.810174826125866, 22.68855020576479]]
最小値:80.3248483615069
入力値:[22.583349137762298, 23.67639981023084, -24.897347317813328]
経過時間:44.23608326911926sec
num_evaluation of BBF = 10.0
 input_history 
[[-24.099189970016994, -4.7335424996968705, 27.473371809030112], [1.9899170983810244, 11.5126268370284, -11.069062139636223], [11.19005566089502, 20.077540313842377, -28.902703359348493], [15.008658896698051, 29.331665334389683, 14.889939262790364], [-13.173360476135688, 17.35675970708931, -23.806439605341478], [-3.12638842944569, 24.51573018558573, -12.38315109757923], [-12.733479684819077, -22.19828567290334, -28.837982527782174], [10.730131976393459, -17.302313039996456, -14.067200437666427], [-0.5056104431797017, -26.798247292975176, 4.447056329520784], [-21.19628550565139, 5.3583322141970555, 11.98550160125587], [-23.85993427033045, -5.156640730825902, 11.664009463664705], [-5.149243828385842, -27.00279246323477, 2.1537843549306928], [9.827678713187332, 0.8933467234985137, 26.6756853594488], [5.193302430119573, 24.20411491727301, -21.751517751225748], [-21.643419164954487, 18.443477322571425, -6.139389780867987], [-20.078748172984035, 25.650514823762038, -9.134048415269607], [15.048726188169333, 13.559879121027087, 22.99836547234859], [7.420332423336532, 15.056546041640232, -9.066099481329449], [-13.804326494098436, 23.753173091764012, -4.3145286077223055], [27.890402828903134, 9.806489869106883, 7.301743212547308]]
最小値:78.61350430383663
入力値:[11.19005566089502, 20.077540313842377, -28.902703359348493]
経過時間:88.63065505027771sec
num_evaluation of BBF = 30.0
 input_history 
[[-23.11524162279749, 26.969355522424273, -3.0052719912035677], [4.703376863227909, -5.51179183432313, -15.778381185418338], [24.202771233735227, 4.420769200337148, -29.827780378130463], [7.028694817243434, -10.40130589367423, 1.6234861354565595], [23.15652595864647, -8.563814399850013, 24.51210905518795], [7.401606947508164, -29.050725429206622, 25.766234024625675], [11.45381505101544, 29.83937102708883, -19.659569499280288], [-21.771855022267335, 25.955727782229815, 11.809089689394007], [-26.03998963667625, 15.32778315614798, 15.232571307674782], [25.381472132789, 12.691485517708308, -22.54374228167012], [-28.807191969612266, -28.427340787336842, -28.301610718752322], [-15.227335943817247, 21.601676920973283, 2.3298638604991737], [3.169318721145956, 20.52185354157634, -22.549601092805332], [-13.24897925933163, 5.145556287497271, 28.175744899180472], [3.6618131553425997, -28.88116263762342, 18.037960360836976], [-16.021543569538775, 18.426311737126746, -6.728361356149694], [21.81251127356572, 14.827298564231079, 3.374414039425133], [-21.812686460358897, -26.4049386292673, -22.719392655555758], [-27.326887287314296, -23.550352253634426, -16.45743968352872], [12.779338822960597, 3.583018923248545, -29.246641190453047]]
最小値:78.61350430383663
入力値:[11.19005566089502, 20.077540313842377, -28.902703359348493]
経過時間:85.75115036964417sec
num_evaluation of BBF = 50.0
 input_history 
[[-25.681543218630793, 28.03657980001632, 4.086027715196529], [-17.802405920340572, -14.860455325780595, 14.629551244505578], [-18.27423113344087, 4.881535636395469, 28.20119934529874], [20.809728089402114, -15.609134451144831, -0.37381714387620235], [7.197343102882783, 19.738853973010727, -20.592516321234946], [-28.88542786935543, -25.79867137684666, -0.8192933437780923], [6.379767699199817, 4.131086225188881, -10.958255440670357], [29.31696926474693, 4.784713154747813, -7.191529642586975], [3.056893147073808, 14.720065854390128, 10.153973607191077], [-14.104826540231436, -26.019909934293505, -7.794948125153624], [7.783050421293872, -17.389559405109623, 15.165333224328833], [-26.007811118753104, -14.381094085287543, 18.285273824600722], [-18.393943042600334, 8.367652852796411, 1.4802185474240233], [25.48847822396104, -14.202193770773341, -26.042334558958572], [14.10395779732017, 16.330681772594808, 24.46895115021144], [25.91832415181024, -29.16290562146418, -15.93827483271477], [7.006701420099461, 26.940979241256983, 27.010567154824784], [3.3991912917093856, 24.93638098597647, 8.493972536780255], [-6.599537151525226, -0.840559974185414, 6.258628975198391], [2.9728752905137554, 25.57088560238722, 25.12400613801637], [-6.307463224586705, 27.795751706442708, -19.56265999917214], [-22.42022883362176, -21.89525051719612, 0.33972994061380035], [-28.70851168354812, 26.878212673060858, 19.62692827024395], [-29.098861155472658, -19.428224665496685, -10.07618553798978], [-22.140189311344987, 18.569441527594925, -9.315800839002392], [26.40644894000203, 4.920850796824801, 22.729919064710643], [20.684066723533313, 24.32353912251895, -2.4071840509915816], [2.780808961222398, 17.916215469122363, -12.856868895951145], [-0.5847886428043374, 5.9466184587527025, -29.068003466949857], [5.608884491798229, -3.9794190606325017, 18.44163173309049], [-11.085311814277624, 23.573322511509083, 4.671432917072131], [-18.9593879023521, 17.275754029530255, 6.721870622696038], [-26.765443675574822, -4.788379199932066, 10.744130193925777], [25.116106678651548, -29.975878506518555, 28.60554894186358], [-7.405181115253534, 28.427012301499353, 6.282966058443179], [19.730748478841576, 4.482690282486139, 7.684571898441021], [-12.865423098258365, 5.2100004393649755, 15.001305822159594], [21.49883018574254, 15.304931308060809, 11.883434906838183], [21.86876580327599, -10.639140189795214, 10.247327447255238], [-2.94756381519905, -7.073834878108968, -5.351319004668863], [-5.911224991827563, -10.956963242503384, 7.315162075218083], [-4.18516375072414, 28.428124675635132, 10.668053486058668], [-18.085806694373346, -4.3979394391180335, -9.399225613534618], [17.858328237513994, 22.799897313805907, 24.230517349582314], [9.763188742515737, -13.787504278214534, -14.857997909724617], [21.293876561844144, 1.6628787785247994, 18.12966504027588], [4.349311031496377, 13.98855151725067, 1.14069764784335], [16.253034630113277, 4.131479442282931, -2.0574072844811475], [-9.438665522803092, -25.907439094997752, -7.32454924031401], [-25.22243533810486, 28.969026823826702, -19.103228920154173]]
最小値:74.83097179648749
入力値:[25.116106678651548, -29.975878506518555, 28.60554894186358]
経過時間:216.37671065330505sec
num_evaluation of BBF = 100.0
 input_history 
[[18.711521863232385, 22.49769869735389, 11.304795143156596], [4.16966476472254, -20.341713791063473, -1.9871986342016221], [-9.2896769306871, -16.497602531154925, 5.550712125947804], [-11.263809737884984, 24.97833320810104, 24.578131497093423], [-14.572902373068228, -23.34652195535825, -18.42223607885323], [-0.024949759266835514, 13.715140078475777, -17.508333695472512], [-15.117986497366156, 21.10031249618202, -5.049076903948361], [7.00110402931417, -15.980031645644996, -23.881964434452154], [0.9514210181117875, -1.3715407770130597, -20.839701354410206], [7.308373904424933, 2.6406071288362867, 9.24824081824466], [-21.32726759252041, 15.09166902811463, -16.67705161200464], [1.1611094619619813, 17.117761693297133, -28.660174320491627], [-10.538252416428811, 22.37534258400666, 20.682576456124174], [2.3064355556726213, 21.99649644999078, 26.988359481217593], [19.58441985776048, 21.24692663019232, -24.0753958907791], [9.07825994045946, 12.211019289159175, 6.614448758797778], [17.976915704161684, -27.925726807701945, 16.214324073298798], [13.90371604437162, -14.418096402098815, -14.575842070671198], [7.938199045807664, -9.282152304535106, 17.79532068043725], [-3.231226079792563, 16.964964887050314, 29.42830701743044], [-11.985099627965997, -21.419650304514036, 24.07850618095643], [2.493562733242399, 28.484422251304935, 8.196264000113835], [29.63478147662874, 2.764248248577097, 1.585556034331276], [-21.874325815669806, -8.657689740967133, -28.426885962217604], [-20.376289228821054, 14.738231562449762, -28.17601860427267], [-8.00741416537534, 21.740775170282646, 11.560663050441256], [11.456528523970114, -18.681791942681347, -3.4857431550945996], [4.894644440657473, 29.385102459822313, -17.76562648601269], [-15.136025894258708, -14.269614973625284, 15.010344797879569], [-2.5814803538584314, -26.5842336953343, 0.5109744366143758], [-17.282390121379443, 17.916254685612614, -12.160117109563664], [-28.343639282729782, 5.605946967877259, 20.630425735871327], [-7.13903255626715, 14.991498643568605, 0.6684886978276907], [2.457108297731317, 27.566059263705142, 18.237653489918806], [-28.06061600258556, 12.563235073877706, -2.099911106189637], [26.85293648370599, -16.7140359405907, -13.975678818938054], [-25.11156210736428, -4.2828702801728085, -23.458874158855902], [8.027205636715074, 18.17779424242427, 11.808029767210705], [15.972682864546229, -9.452752809388812, 20.751088981660658], [-4.273873500033446, 19.440592224739127, 7.589769517457626], [-21.394617079785306, -25.296786008703123, -28.900041425219563], [-25.996500141638613, -2.484971177494092, -23.19948463394457], [-28.332999069079804, 15.291688883428044, -6.308971172361634], [14.816309736451508, -2.855710395212906, -2.994795179954334], [-1.3156495969301432, -1.559764406268357, 18.189800526850178], [-5.856448808535852, 24.281169620617383, -27.776337122757848], [16.43246056322512, -22.461517131735672, 7.110814014725129], [-29.378144319886083, 2.31763695458082, -29.81892260282422], [27.07162712941227, 24.324122022166684, 17.75801651653616], [24.916459194887246, -21.266506130496175, -20.536195807768003]]
最小値:71.00973001297154
入力値:[24.916459194887246, -21.266506130496175, -20.536195807768003]
経過時間:214.58739519119263sec
num_evaluation of BBF = 150.0
 input_history 
[[-18.74209962585396, 7.349754137995269, 24.34856976049811], [29.39731070154442, 12.667347525948955, 13.908024548537718], [24.557592272655263, -5.947576057732746, -15.008959186497794], [-19.59418975277263, -22.83257697997626, 18.75663528196972], [-21.19245759496541, -14.14215103638596, 19.145350718011848], [-11.364764892347402, 28.945046957576572, -14.001677870901887], [2.019200698272684, -11.13197932884902, 24.64636987043025], [-8.006601368925935, -3.9844603636101255, 0.7375615367016835], [26.333188642182797, -28.143059623730956, 13.012719817901349], [23.461137257540337, -28.36276658895187, 1.323074835150642], [-10.440611293798483, 21.569359251935147, 3.510993055351072], [11.413672089764873, -2.828790002907752, 7.698542251281431], [-12.59418889875445, -29.439085322009053, 4.605356099225446], [-11.31334715205223, 1.0360559100677875, 24.98435118323387], [-4.411512689916243, -15.156237803856875, -7.722374323256734], [25.911666998192437, 26.212102878545622, 20.65979691394279], [25.21239085833963, -16.325982602920984, -24.751067426784548], [-16.361415822918673, -11.137403033156975, -19.514047418621306], [6.425649718347628, -5.184815099930319, 18.981090709632845], [-18.892176103858162, 12.112591785378626, -15.578662509051668], [4.453145330451584, -9.060744166752666, -26.582136031030036], [-16.27117974237745, 9.84615332128761, -0.16499439836812257], [1.1409590444207254, -19.51679099346465, 4.242951092775385], [29.8052055124926, 19.010106527497314, 5.662357429858666], [28.559344099854293, 24.093755080159276, 5.736476016158733], [-28.054420481132574, -24.385374250951156, -26.077697097466416], [-2.8960110785114814, -7.4739100099285345, 28.521002056217192], [-19.921002408023107, 28.367255515959314, 16.048492131780783], [19.454270377469868, 7.956949006679835, 10.123966212403921], [-1.3870599887283994, -29.211818584615663, -8.819634867490514], [-0.4756919103864945, 13.805472665406256, -1.882299435233449], [-2.555705034634098, -21.74023554326381, -29.34667597179126], [15.496695628619776, -10.802829715339296, 29.063007011610644], [-16.78594643045064, -9.67751847109922, 1.4337681399679028], [15.293487423631966, -2.168532965982262, -22.510647413299424], [-11.249917290477029, 0.271150182059678, 10.430940481012058], [16.208997378725527, -22.179853142738743, -28.625092120657094], [1.1449393327193675, 18.599322639744976, -29.24377397820742], [10.34819067922404, 11.208493599419512, -3.045194784801744], [24.887321204516056, 8.661665085419578, -29.68560974091205], [-0.9342932691374664, 21.559068365856, 19.823974202240365], [8.949251826748672, 10.4219054339179, 4.7099747873520315], [-13.552813489988871, 3.6317994321635254, 10.303787089045215], [-8.85422218701547, 21.349702035235666, -18.297750839477562], [14.839248619915395, -12.623835228787353, 16.42795723465092], [-4.335760239835427, 18.46190454673257, -8.787908239920576], [-17.17840574222513, 16.03707050530599, -11.481483142160933], [13.994704063585651, 14.668389184663923, -16.716197945507936], [-17.153271790761092, -18.063124594376, -21.44889973404932], [-7.375044047559953, -28.402326918502713, -23.344777857945562]]
最小値:71.00973001297154
入力値:[24.916459194887246, -21.266506130496175, -20.536195807768003]
経過時間:217.39170861244202sec
num_evaluation of BBF = 200.0