
BO_ratio_matrix = 
[[71.89312208 83.55103516]
 [71.89312208 77.15755469]
 [71.89312208 75.12453545]
 [71.89312208 75.12453545]
 [71.89312208 71.550622  ]
 [71.89312208 71.550622  ]]
RS_ratio_matrix = 
[[87.16661867 82.92122442]
 [84.51543929 81.15456382]
 [79.60339338 81.15456382]
 [75.83857576 77.24976682]
 [75.83857576 73.30500933]
 [71.95774729 73.30500933]]
Mean Accumulated PREC(%) 2 times; BBF=[ 10.  30.  50. 100. 150. 200.]
BO_vec=array([77.72207862, 74.52533839, 73.50882876, 73.50882876, 71.72187204,
       71.72187204])
RS_vec=array([85.04392154, 82.83500155, 80.3789786 , 76.54417129, 74.57179254,
       72.63137831])
Median Accumulated PREC(%) 2 times; BBF=[ 10.  30.  50. 100. 150. 200.]
BO_vec=array([77.72207862, 74.52533839, 73.50882876, 73.50882876, 71.72187204,
       71.72187204])
RS_vec=array([85.04392154, 82.83500155, 80.3789786 , 76.54417129, 74.57179254,
       72.63137831])
Min Accumulated PREC(%) 2 times; BBF=[ 10.  30.  50. 100. 150. 200.]
BO_vec=array([71.89312208, 71.89312208, 71.89312208, 71.89312208, 71.550622  ,
       71.550622  ])
RS_vec=array([82.92122442, 81.15456382, 79.60339338, 75.83857576, 73.30500933,
       71.95774729])
Max Accumulated PREC(%) 2 times; BBF=[ 10.  30.  50. 100. 150. 200.]
BO_vec=array([83.55103516, 77.15755469, 75.12453545, 75.12453545, 71.89312208,
       71.89312208])
RS_vec=array([87.16661867, 84.51543929, 81.15456382, 77.24976682, 75.83857576,
       73.30500933])