
 input
[[5.570677093501104, 20.655944914861053, 21.47673705736542], [20.83510432704754, 7.4138218071583495, -6.937097562438005], [-12.14792360733166, -26.59722136095341, -13.640622325193206], [-30.0, -30.0, -13.1808941159398], [-29.058566200681568, 16.16304620691976, -17.793908165162698], [-30.0, 30.0, -19.490623602997935], [-25.41915171466041, 3.1651053387369217, -17.404320821875707], [-11.050496693219117, 0.2970874151961489, -18.102668550181743], [19.86302934437188, 15.08324060784944, -18.869506395095524], [-8.68640724236009, 19.679534321817712, -14.800894769384595]]
 output
 [ 96.97168401 104.15730786  86.34520436  86.48097786  69.64205087
  99.71602151  87.07956472  81.0067396  100.84332082  95.49242615]
最小値:69.64205087244983
入力値:[-29.058566200681568, 16.16304620691976, -17.793908165162698]
経過時間:43.57500696182251sec
num_evaluation of BBF = 10.0
 input
[[5.570677093501104, 20.655944914861053, 21.47673705736542], [20.83510432704754, 7.4138218071583495, -6.937097562438005], [-12.14792360733166, -26.59722136095341, -13.640622325193206], [-30.0, -30.0, -13.1808941159398], [-29.058566200681568, 16.16304620691976, -17.793908165162698], [-30.0, 30.0, -19.490623602997935], [-25.41915171466041, 3.1651053387369217, -17.404320821875707], [-11.050496693219117, 0.2970874151961489, -18.102668550181743], [19.86302934437188, 15.08324060784944, -18.869506395095524], [-8.68640724236009, 19.679534321817712, -14.800894769384595], [22.1237146936542, 5.948610947298505, -12.057864164076559], [-30.0, 13.90928664373758, 24.228165361757263], [-2.2473993787673656, -29.422820234034077, -17.820073285712205], [-15.49597062347082, -22.47843356180168, 29.953885272487774], [-19.63768211308168, -23.614128673211383, 28.95854927273418], [-29.99378825347675, -27.365647173854082, -10.511285961700612], [29.994669940632164, 4.098839109248054, -21.654921238232674], [-18.09254062084885, 28.21851614236747, -25.769020883310887], [-29.998459392413718, 15.165083450275567, -12.63601718771887], [-3.3004646773944373, 29.39413350540839, 29.67186687545864], [-16.54670471191235, -29.251810648391125, 29.39742080854969], [-0.6143184237243737, -23.908124560385883, -27.99868358715854], [-17.258264945604104, 24.45656365609119, -23.281103364191644], [-29.993633021798054, -22.48128470526735, -5.201094734895069], [-15.878421261364725, 27.706742039434097, -27.953171764297192], [-17.893736417021234, 29.446482544915945, -28.891805652805978], [-19.245192205695023, 29.551531944630675, 28.25139771322094], [-20.11461128724056, -29.561012246818873, 29.33925519890071], [-10.78394483025134, -26.583754835087724, 26.798608879521602], [-10.849092339136323, 29.49286872851809, -27.649822647575345]]
 output
 [ 96.97168401 104.15730786  86.34520436  86.48097786  69.64205087
  99.71602151  87.07956472  81.0067396  100.84332082  95.49242615
 102.81930824  94.60753842  92.97328293  84.8805331   84.54087802
  86.20187742  99.97976052  87.02312601  88.36681866  81.84017659
  82.33485095  89.16147018  81.36196459  90.62603297  72.28528568
  72.81731973  78.49806711  83.76529329  82.01042084  88.82909326]
最小値:69.64205087244983
入力値:[-29.058566200681568, 16.16304620691976, -17.793908165162698]
経過時間:84.42310333251953sec
num_evaluation of BBF = 30.0
 input
[[5.570677093501104, 20.655944914861053, 21.47673705736542], [20.83510432704754, 7.4138218071583495, -6.937097562438005], [-12.14792360733166, -26.59722136095341, -13.640622325193206], [-30.0, -30.0, -13.1808941159398], [-29.058566200681568, 16.16304620691976, -17.793908165162698], [-30.0, 30.0, -19.490623602997935], [-25.41915171466041, 3.1651053387369217, -17.404320821875707], [-11.050496693219117, 0.2970874151961489, -18.102668550181743], [19.86302934437188, 15.08324060784944, -18.869506395095524], [-8.68640724236009, 19.679534321817712, -14.800894769384595], [22.1237146936542, 5.948610947298505, -12.057864164076559], [-30.0, 13.90928664373758, 24.228165361757263], [-2.2473993787673656, -29.422820234034077, -17.820073285712205], [-15.49597062347082, -22.47843356180168, 29.953885272487774], [-19.63768211308168, -23.614128673211383, 28.95854927273418], [-29.99378825347675, -27.365647173854082, -10.511285961700612], [29.994669940632164, 4.098839109248054, -21.654921238232674], [-18.09254062084885, 28.21851614236747, -25.769020883310887], [-29.998459392413718, 15.165083450275567, -12.63601718771887], [-3.3004646773944373, 29.39413350540839, 29.67186687545864], [-16.54670471191235, -29.251810648391125, 29.39742080854969], [-0.6143184237243737, -23.908124560385883, -27.99868358715854], [-17.258264945604104, 24.45656365609119, -23.281103364191644], [-29.993633021798054, -22.48128470526735, -5.201094734895069], [-15.878421261364725, 27.706742039434097, -27.953171764297192], [-17.893736417021234, 29.446482544915945, -28.891805652805978], [-19.245192205695023, 29.551531944630675, 28.25139771322094], [-20.11461128724056, -29.561012246818873, 29.33925519890071], [-10.78394483025134, -26.583754835087724, 26.798608879521602], [-10.849092339136323, 29.49286872851809, -27.649822647575345], [-20.671606743287533, 23.914128919011787, -29.895737248078472], [29.999962129467754, -26.62281161644985, 28.01395902542812], [-21.505975374329978, -25.670808381975966, -29.89287546491396], [7.716034170259491, -28.35842435413086, 26.278818550665747], [30.0, 28.102121202755818, 30.0], [-30.0, -23.26211683179392, -30.0], [16.93123260703468, -28.91012728981764, 30.0], [-30.0, 14.085376683123421, -25.147828318732966], [-14.033234723145004, -16.415835122322616, 9.895032776813515], [30.0, -26.74305746850572, 15.645457184280865], [30.0, 27.958148244529042, 30.0], [10.623987961621111, 7.5036214748039285, 30.0], [-1.029009808471276, -30.0, 18.878526632276753], [-30.0, -4.998139250851846, -30.0], [30.0, -30.0, 0.19078758507536264], [29.877090740721584, 29.32215177428118, 29.863994883889312], [-29.906312182717613, -16.677678630126863, 29.851060450206013], [-29.98028571848813, 12.925110018313646, 10.787260913016631], [29.987817584968212, -18.807663827465202, 29.524175779919652], [29.804203997153365, 8.134963725653108, 21.843939919463693]]
 output
 [ 96.97168401 104.15730786  86.34520436  86.48097786  69.64205087
  99.71602151  87.07956472  81.0067396  100.84332082  95.49242615
 102.81930824  94.60753842  92.97328293  84.8805331   84.54087802
  86.20187742  99.97976052  87.02312601  88.36681866  81.84017659
  82.33485095  89.16147018  81.36196459  90.62603297  72.28528568
  72.81731973  78.49806711  83.76529329  82.01042084  88.82909326
  80.56315731  88.26558106  89.2636098   78.92253037  79.40822236
  88.21828591  82.11584655  87.31089519  96.37699096  82.26694462
  79.46047011  92.55711221  80.81319005  82.10044442 104.88800024
  78.53790781  85.4057417   92.94739287  72.10195498  85.17943426]
最小値:69.64205087244983
入力値:[-29.058566200681568, 16.16304620691976, -17.793908165162698]
経過時間:107.02999567985535sec
num_evaluation of BBF = 50.0