
 input_history 
[[16.27923859600476, -28.75488303843591, 8.018894095576528], [14.928232952316712, -0.08957926184457321, -16.51220126814914], [-18.11622811442256, 15.631842731937525, -19.853349806247873], [-24.699611149559384, 11.121589102067837, 27.203600771696195], [-29.763104020325134, 0.7315358031465955, 18.75725769912681], [6.751564009763285, 13.305319045907972, -12.48743590976201], [25.066447350776606, 12.874547003861437, 2.552662080675674], [-21.46979714390838, -7.599554396911849, 10.448016903980715], [-3.490009534620235, -3.9591604000023786, 7.066018708159028], [0.7882945532634551, 9.023830915888034, 6.062337204272666]]
最小値:79.38865557992787
入力値:[-18.11622811442256, 15.631842731937525, -19.853349806247873]
経過時間:41.78684163093567sec
num_evaluation of BBF = 10.0
 input_history 
[[18.313391809964784, 1.2988291436180468, 24.518932848520095], [-10.845834660687284, -24.572439043745558, -11.957996601827798], [-23.160938288187012, 19.720879578460597, -27.186220836645013], [7.5772288986835505, 2.855169355154615, 19.15721974020412], [-18.063147619271263, 21.41101814746399, -8.900841634074727], [15.278861491791432, -12.242297587219277, 23.036188773671178], [-10.469301730065073, -20.09904613685109, -6.448245363204762], [-24.39237752648098, 19.266339470215705, -20.930878821446168], [-6.953133078468024, 26.65564273432807, 29.257528494112336], [-2.621727174312955, 19.56737063056439, -14.91755194757644], [5.842298893853055, 24.16990561989764, 2.073476928108903], [5.412081779125373, -27.64309396647676, -8.569094481927824], [-25.22321459064215, -11.672404899430905, -10.15684128107208], [16.42981777263575, -27.602447478601363, -4.230469294101699], [-11.104387689438703, 8.189468584052676, -9.21917099519802], [-27.414158627700335, 22.794910471074964, 15.794435228620863], [22.685798563491502, -4.949451369643981, 6.334653863625405], [0.8079976444973056, 5.870198877778421, -14.267060332082984], [-11.947721463557567, -28.476013076993635, -11.816246360937914], [-15.475447475788357, 3.454691319758652, 3.9304211932900515]]
最小値:77.87162964037107
入力値:[-23.160938288187012, 19.720879578460597, -27.186220836645013]
経過時間:82.10270690917969sec
num_evaluation of BBF = 30.0
 input_history 
[[-1.4920651550969666, -12.432121422629454, -26.144936358310535], [28.72914874545856, -9.617529381728179, -0.29708214705274116], [28.62484355536091, -3.5535705059600105, -10.903631671262929], [1.1878191525228097, 4.6881857929480475, 21.236025030029182], [-25.914163587722996, -2.1281515332400467, 16.9169471171489], [13.116168622935014, 5.161318803190554, -27.77433520593553], [-8.960616523012021, 3.791441069564698, -12.01620765452623], [0.7400491964129543, 10.408015517083228, -20.44837599731439], [-26.971339790760144, -9.731046776119232, -23.516173633232846], [-19.265831485734573, 23.149625770062343, -8.07810172715305], [-16.873839049227797, 15.14977021311617, -23.58722493638585], [14.676194446533636, -1.8128823935703338, 5.895340276746552], [-21.14278846288214, -18.957910674410925, 8.704327588094515], [-27.082319624195666, -15.083249531833832, 2.5445109736802536], [-16.39359940379945, -7.1153079057220765, 25.333967214212777], [25.521412372066607, 4.004995474499999, 2.008253099340159], [-29.108398522006315, 28.673955804120297, 4.381734241991154], [17.505419776597442, 3.6934416165821347, 22.64011449389608], [5.051749711840529, 12.530989582137316, -21.087992918612485], [-4.292955661926214, 11.6334039805447, -23.722815328628812]]
最小値:77.87162964037107
入力値:[-23.160938288187012, 19.720879578460597, -27.186220836645013]
経過時間:84.57970929145813sec
num_evaluation of BBF = 50.0