current_best_fitness=84.43731355657621,  best_fitness=inf
Generation 1: Best Fitness = 84.43731355657621, Best Individual = [-3.74476732 23.50638005 27.81976563]
Generation 2: Best Fitness = 84.43731355657621, Best Individual = [-3.74476732 23.50638005 27.81976563]
gene_history=array([[  2.92881024,  12.91136198,   6.16580256],
       [  2.69299098,  -4.58071204,   8.75364678],
       [ -3.74476732,  23.50638005,  27.81976563],
       [ -6.99350887,  17.50350228,   1.73369519],
       [  4.08267367,  25.5357983 , -25.73783651],
       [ -0.24432915,  23.24796344,  26.4185035 ],
       [ -4.26841758,  23.04049938, -17.79620731],
       [ -3.74476732,  23.50638005,  27.81976563],
       [  8.05644348,  23.50638005,  27.81976563],
       [  4.08267367,  25.5357983 , -25.73783651]])
最小値:84.43731355657621
入力値:[-3.74476732 23.50638005 27.81976563]
経過時間:42.88494324684143sec
num_evaluation of BBF = 10.0current_best_fitness=84.43731355657621,  best_fitness=inf
Generation 1: Best Fitness = 84.43731355657621, Best Individual = [-3.74476732 23.50638005 27.81976563]current_best_fitness=81.34281442240524,  best_fitness=84.43731355657621
Generation 2: Best Fitness = 81.34281442240524, Best Individual = [-2.05809828 -9.37148794 30.        ]
Generation 3: Best Fitness = 81.34281442240524, Best Individual = [-2.05809828 -9.37148794 30.        ]
gene_history=array([[  2.92881024,  12.91136198,   6.16580256],
       [  2.69299098,  -4.58071204,   8.75364678],
       [ -3.74476732,  23.50638005,  27.81976563],
       [ -6.99350887,  17.50350228,   1.73369519],
       [  4.08267367,  25.5357983 , -25.73783651],
       [-24.77224202, -28.78689615,  19.95719073],
       [ 16.68940506,  22.20072889,  28.71710053],
       [ 17.94951385,  -2.31123826,  16.83175058],
       [-22.90353445,   8.39526128, -21.39880276],
       [ 26.68013502,   1.31089931,  -5.1202836 ],
       [ 30.        ,  30.        , -16.11484902],
       [ -2.05809828,  -9.37148794,  30.        ],
       [ -1.46708644,  28.66861262, -25.61000715],
       [-14.92529125,  18.77630685, -26.47598894],
       [-18.31278375,   5.26549963,  10.06351798],
       [ -5.51744071,   9.5581053 ,  -3.35645073],
       [ 16.68940506,  22.20072889,  28.71710053],
       [ 16.68940506,  22.20072889,  28.71710053],
       [-22.90353445,   8.39526128, -21.39880276],
       [ 26.68013502,   1.31089931,  -5.1202836 ],
       [-15.72950693,   8.6190926 ,  -3.64737368],
       [  3.60955752, -11.28838676, -30.        ],
       [ -2.05809828,  -9.37148794,  30.        ],
       [ -2.05809828,  -9.37148794,  30.        ],
       [  0.63406797,  18.42921894,  -0.65558182],
       [ -3.9346092 ,  10.72857428,  26.01244912],
       [-19.40113063,  12.67255566, -19.81047526],
       [-24.70310028,   7.96381097, -20.06263561],
       [-22.90353445,   8.39526128, -21.39880276],
       [ 26.68013502,   1.31089931,  -5.1202836 ]])
最小値:81.34281442240524
入力値:[-2.05809828 -9.37148794 30.        ]
経過時間:158.14829444885254sec
num_evaluation of BBF = 30.0current_best_fitness=84.43731355657621,  best_fitness=inf
Generation 1: Best Fitness = 84.43731355657621, Best Individual = [-3.74476732 23.50638005 27.81976563]current_best_fitness=81.34281442240524,  best_fitness=84.43731355657621
Generation 2: Best Fitness = 81.34281442240524, Best Individual = [-2.05809828 -9.37148794 30.        ]
Generation 3: Best Fitness = 81.34281442240524, Best Individual = [-2.05809828 -9.37148794 30.        ]current_best_fitness=80.75865477944797,  best_fitness=81.34281442240524
Generation 4: Best Fitness = 80.75865477944797, Best Individual = [ -1.29672022 -18.8607918   28.27311678]current_best_fitness=77.35747461506469,  best_fitness=80.75865477944797
Generation 5: Best Fitness = 77.35747461506469, Best Individual = [-12.66609104  -3.58730301  30.        ]
gene_history=array([[  2.92881024,  12.91136198,   6.16580256],
       [  2.69299098,  -4.58071204,   8.75364678],
       [ -3.74476732,  23.50638005,  27.81976563],
       [ -6.99350887,  17.50350228,   1.73369519],
       [  4.08267367,  25.5357983 , -25.73783651],
       [-24.77224202, -28.78689615,  19.95719073],
       [ 16.68940506,  22.20072889,  28.71710053],
       [ 17.94951385,  -2.31123826,  16.83175058],
       [-22.90353445,   8.39526128, -21.39880276],
       [ 26.68013502,   1.31089931,  -5.1202836 ],
       [ 30.        ,  30.        , -16.11484902],
       [ -2.05809828,  -9.37148794,  30.        ],
       [ -1.46708644,  28.66861262, -25.61000715],
       [-14.92529125,  18.77630685, -26.47598894],
       [-18.31278375,   5.26549963,  10.06351798],
       [ -5.51744071,   9.5581053 ,  -3.35645073],
       [ 16.68940506,  22.20072889,  28.71710053],
       [ 16.68940506,  22.20072889,  28.71710053],
       [-22.90353445,   8.39526128, -21.39880276],
       [ 26.68013502,   1.31089931,  -5.1202836 ],
       [-15.72950693,   8.6190926 ,  -3.64737368],
       [  3.60955752, -11.28838676, -30.        ],
       [ -2.05809828,  -9.37148794,  30.        ],
       [ -2.05809828,  -9.37148794,  30.        ],
       [  0.63406797,  18.42921894,  -0.65558182],
       [ -3.9346092 ,  10.72857428,  26.01244912],
       [-19.40113063,  12.67255566, -19.81047526],
       [-24.70310028,   7.96381097, -20.06263561],
       [-22.90353445,   8.39526128, -21.39880276],
       [ 26.68013502,   1.31089931,  -5.1202836 ],
       [  3.20163371,  11.33556495,   9.44386579],
       [-16.50562759,  12.82369158,  -5.0213634 ],
       [-20.16429538,   8.79046918, -15.28641161],
       [ -2.88705575,  11.70294837, -13.12277823],
       [ -1.29672022, -18.8607918 ,  28.27311678],
       [ -3.72976165,  16.06956274,  26.01741538],
       [ -2.05809828,  23.52297948,  30.        ],
       [ -2.05809828,  -9.37148794,  30.        ],
       [-22.90353445,   8.39526128, -21.39880276],
       [ 26.68013502,   1.31089931,  -5.1202836 ],
       [ -2.05809828, -22.13678942,  30.        ],
       [ -2.05809828,  29.41194223,  30.        ],
       [-11.93571391,  20.49235213,   8.88443404],
       [-30.        ,  18.38414554,  30.        ],
       [-12.66609104,  -3.58730301,  30.        ],
       [-16.66831988, -10.98255929, -18.62817541],
       [ -3.62852294,  16.7814903 ,  30.        ],
       [ -3.07241034,  12.73436366,  -8.21042594],
       [-22.90353445,   8.39526128, -21.39880276],
       [ 26.68013502,   1.31089931,  -5.1202836 ]])
最小値:77.35747461506469
入力値:[-12.66609104  -3.58730301  30.        ]
経過時間:241.59297060966492sec
num_evaluation of BBF = 50.0