w=0.65w=0.4
position_history=[[2.9288102356394887, 12.91136198234517, 6.16580256429863],
 [-3.744767324238449, 23.50638004692479, 27.81976563006176],
 [4.082673665635937, 25.535798297559666, -25.737836508126783],
 [16.689405056991028, 22.200728894809153, 28.71710053396584],
 [-22.903534447864008, 8.395261279651429, -21.398802755457215],
 [-5.182578185779786, 25.884966904568458, 30.0],
 [-3.896293349764938, 23.885622596432253, 27.857329025740537],
 [-1.3920518515369373, 23.43583966122521, 30.0],
 [8.541863909525015, 22.57187998148549, 27.909674670197337],
 [-16.234142390091094, 11.759447832103277, 30.0]]
最小値:78.29361198274582
入力値:[-16.23414239  11.75944783  30.        ]
経過時間:57.00538873672485sec
num_evaluation of BBF = 10.0w=0.7333333333333334w=0.5666666666666667w=0.4
position_history=[[2.9288102356394887, 12.91136198234517, 6.16580256429863],
 [-3.744767324238449, 23.50638004692479, 27.81976563006176],
 [4.082673665635937, 25.535798297559666, -25.737836508126783],
 [16.689405056991028, 22.200728894809153, 28.71710053396584],
 [-22.903534447864008, 8.395261279651429, -21.398802755457215],
 [-14.126663273722382, 16.454021366053, -2.630980067007087],
 [6.725743363345288, 7.016039812485417, 26.624884710877453],
 [11.857871755635891, -26.38647170224381, 10.00600292674006],
 [-11.074298944548968, -8.177353743442644, 4.2118062250727775],
 [-17.46739463430992, -20.321428926900225, 9.186499527923907],
 [-19.998276763477445, 8.703906617753182, 3.105098033345175],
 [-18.23412232605395, -14.393285427684233, -7.042864298344554],
 [-5.500047753370932, 16.826747332633836, -6.203028831956836],
 [-14.333739171691388, 6.020184185282687, 3.4838482323388646],
 [-14.71449904434246, -13.694165094225202, -14.77311820645395],
 [-10.445791160422143, 14.75769338134166, 8.886070933140576],
 [-19.180556261222538, -22.427833748623193, 15.381884117842912],
 [1.8766484714946792, 7.8861943256858, 4.280296708597862],
 [-11.164350058137565, -7.461072114289113, 3.6281386141698855],
 [-8.555993596660318, -8.194597822541093, -0.7007886463867834],
 [-30.0, -3.862244086174881, 2.8319377229481053],
 [-16.09874122396928, 14.683598625962219, 15.927189060506826],
 [-6.875893286389633, 0.32081384651086253, -1.9788394283180484],
 [-3.8521888488034026, -9.03069705378807, 30.0],
 [-24.045353535708905, 14.921429867453643, -18.084821814179215],
 [-9.374776129215672, -12.308263661078602, 11.60583480134791],
 [-18.57073392585719, 26.650041820419354, -2.5840906448204883],
 [-5.60358833703954, 20.990462809765027, 5.0866150378213595],
 [-11.062645905704112, -7.662473145200959, 3.7221559584904877],
 [-4.335700025474953, -1.3012932179773733, -0.632204870422826]]
最小値:78.75799329253857
入力値:[-3.85218885 -9.03069705 30.        ]
経過時間:120.06476521492004sec
num_evaluation of BBF = 30.0w=0.8w=0.7w=0.6000000000000001w=0.5w=0.4
position_history=[[2.9288102356394887, 12.91136198234517, 6.16580256429863],
 [-3.744767324238449, 23.50638004692479, 27.81976563006176],
 [4.082673665635937, 25.535798297559666, -25.737836508126783],
 [16.689405056991028, 22.200728894809153, 28.71710053396584],
 [-22.903534447864008, 8.395261279651429, -21.398802755457215],
 [-14.126663273722382, 16.454021366053, -2.630980067007087],
 [6.725743363345288, 7.016039812485417, 26.624884710877453],
 [11.857871755635891, -26.38647170224381, 10.00600292674006],
 [-11.074298944548968, -8.177353743442644, 4.2118062250727775],
 [-17.46739463430992, -20.321428926900225, 9.186499527923907],
 [-19.992292339077856, 8.693727257665035, 3.1245505817540624],
 [-18.24966345687718, -14.354388755939873, -7.039011642377503],
 [-5.555097180077393, 16.76277645229254, -6.1586795192171095],
 [-14.293851363129157, 6.0150481002497465, 3.52125212251039],
 [-14.655209855402516, -13.691251984658528, -14.784496614455213],
 [-10.436666633906324, 14.693532021399841, 8.901755666084027],
 [-19.156313554675407, -22.44656602854669, 15.37348837834949],
 [1.8994001874437672, 7.847578667162317, 4.230820214951843],
 [-11.172536523009255, -7.3959556025478825, 3.5750779222696223],
 [-8.588888049655015, -8.199089719493585, -0.7348652341199031],
 [-30.0, -4.434403369632101, 2.4312290023900673],
 [-18.043848038215273, 9.625152371990612, 11.277692364513161],
 [-8.110323265131179, -0.820466827630149, 0.5637349612151592],
 [-8.01443590275127, -11.185126617738621, 30.0],
 [-22.979442621744646, 11.97190608489592, -17.194312101888315],
 [-8.883214292189967, -12.570486482941062, 13.155332524819418],
 [-22.022057362367256, 22.75093463091222, -4.073434046418948],
 [-6.967899256097288, 25.508664874167906, 4.326256536382977],
 [-11.074684882331104, -7.51147939930211, 3.592745190851677],
 [-3.1925987421671467, 0.3135646049934131, -1.969100198193951],
 [-15.869086655501814, -20.275919729343926, 30.0],
 [-14.1855460015886, -15.292428762777163, 30.0],
 [-9.632330389914296, -20.37557385773749, 22.95339609023469],
 [-4.246786626524536, -21.505231448531646, 30.0],
 [1.666875722195094, 17.32441980499204, 30.0],
 [-7.395094917391544, -27.86642660806564, 30.0],
 [-16.07815709300132, -4.295697443309731, -3.0910792913728855],
 [21.602880108047636, -30.0, 19.870841405030035],
 [-9.745989074297304, -11.391195980376875, 23.39672315480026],
 [-13.288741493141487, -2.0084822558816193, 30.0],
 [0.7791210672282283, -30.0, 30.0],
 [-5.628724667554076, -28.856590319988015, 14.126996320523872],
 [-6.089177575513986, -30.0, 30.0],
 [-7.33691442202654, -30.0, 30.0],
 [-30.0, -30.0, 14.732854363178912],
 [-6.651035229992333, -30.0, 30.0],
 [-2.376083492758461, -18.44301825887554, 20.380761835184998],
 [7.04158500092147, -30.0, 30.0],
 [-7.041219517753712, -15.438090453723218, 27.306467736281206],
 [-7.6509774412042955, -30.0, 30.0]]
最小値:74.31291783305657
入力値:[ -7.39509492 -27.86642661  30.        ]
経過時間:235.69429445266724sec
num_evaluation of BBF = 50.0w=0.85w=0.8w=0.75w=0.7w=0.65w=0.6000000000000001w=0.55w=0.5w=0.45w=0.4