current_best_fitness=89.77842120748392,  best_fitness=inf
Generation 1: Best Fitness = 89.77842120748392, Best Individual = [-6.99350887 17.50350228  1.73369519]current_best_fitness=89.66938458202094,  best_fitness=89.77842120748392
Generation 2: Best Fitness = 89.66938458202094, Best Individual = [-7.64536972 17.17119964  8.85461754]
gene_history=array([[  2.92881024,  12.91136198,   6.16580256],
       [  2.69299098,  -4.58071204,   8.75364678],
       [ -3.74476732,  23.50638005,  27.81976563],
       [ -6.99350887,  17.50350228,   1.73369519],
       [  4.08267367,  25.5357983 , -25.73783651],
       [ -6.99350887,  17.50350228,   1.73369519],
       [ -6.99350887,  17.50350228,   1.73369519],
       [ -7.64536972,  17.17119964,   8.85461754],
       [  8.05644348,  19.90405298,  20.67549306],
       [  4.08267367,  25.5357983 , -25.73783651]])
最小値:89.66938458202094
入力値:[-7.64536972 17.17119964  8.85461754]
経過時間:39.830183029174805sec
num_evaluation of BBF = 10.0current_best_fitness=87.92671128030634,  best_fitness=inf
Generation 1: Best Fitness = 87.92671128030634, Best Individual = [-24.77224202 -28.78689615  19.95719073]current_best_fitness=85.72606872567121,  best_fitness=87.92671128030634
Generation 2: Best Fitness = 85.72606872567121, Best Individual = [-23.28783737  15.19112742 -20.1804416 ]
Generation 3: Best Fitness = 85.72606872567121, Best Individual = [-23.28783737  15.19112742 -20.1804416 ]
gene_history=array([[  2.92881024,  12.91136198,   6.16580256],
       [  2.69299098,  -4.58071204,   8.75364678],
       [ -3.74476732,  23.50638005,  27.81976563],
       [ -6.99350887,  17.50350228,   1.73369519],
       [  4.08267367,  25.5357983 , -25.73783651],
       [-24.77224202, -28.78689615,  19.95719073],
       [ 16.68940506,  22.20072889,  28.71710053],
       [ 17.94951385,  -2.31123826,  16.83175058],
       [-22.90353445,   8.39526128, -21.39880276],
       [ 26.68013502,   1.31089931,  -5.1202836 ],
       [ -1.06526305,  30.        ,  -4.34885231],
       [-23.78664021, -30.        ,  23.32278169],
       [-23.28783737,  15.19112742, -20.1804416 ],
       [-24.2197745 ,  -6.26778427, -28.4342463 ],
       [-18.31278375,   5.26549963,  10.06351798],
       [ -5.51744071,   9.5581053 ,  -3.35645073],
       [  4.08267367,  25.5357983 , -25.73783651],
       [  4.08267367,  25.5357983 , -25.73783651],
       [-22.90353445,   8.39526128, -21.39880276],
       [ 26.68013502,   1.31089931,  -5.1202836 ],
       [-23.81781601,  -1.11622336,  -2.59565264],
       [-23.06812801, -11.28838676, -30.        ],
       [-23.97975838,  -8.50369199,  30.        ],
       [-23.06197507,   3.22975147,   5.26883744],
       [-23.69601675,  -6.56042408,  -4.77131345],
       [-23.84980715, -13.05305917,  19.66841837],
       [-23.11913055,  11.19535689, -19.79929416],
       [-23.37452042,   8.11281588, -19.85980452],
       [-22.90353445,   8.39526128, -21.39880276],
       [ 26.68013502,   1.31089931,  -5.1202836 ]])
最小値:85.72606872567121
入力値:[-23.28783737  15.19112742 -20.1804416 ]
経過時間:127.35027837753296sec
num_evaluation of BBF = 30.0current_best_fitness=87.92671128030634,  best_fitness=inf
Generation 1: Best Fitness = 87.92671128030634, Best Individual = [-24.77224202 -28.78689615  19.95719073]current_best_fitness=85.72606872567121,  best_fitness=87.92671128030634
Generation 2: Best Fitness = 85.72606872567121, Best Individual = [-23.28783737  15.19112742 -20.1804416 ]
Generation 3: Best Fitness = 85.72606872567121, Best Individual = [-23.28783737  15.19112742 -20.1804416 ]
Generation 4: Best Fitness = 85.72606872567121, Best Individual = [-23.28783737  15.19112742 -20.1804416 ]current_best_fitness=85.51687975923414,  best_fitness=85.72606872567121
Generation 5: Best Fitness = 85.51687975923414, Best Individual = [-23.73378243  13.91935406 -13.58857301]
gene_history=array([[  2.92881024,  12.91136198,   6.16580256],
       [  2.69299098,  -4.58071204,   8.75364678],
       [ -3.74476732,  23.50638005,  27.81976563],
       [ -6.99350887,  17.50350228,   1.73369519],
       [  4.08267367,  25.5357983 , -25.73783651],
       [-24.77224202, -28.78689615,  19.95719073],
       [ 16.68940506,  22.20072889,  28.71710053],
       [ 17.94951385,  -2.31123826,  16.83175058],
       [-22.90353445,   8.39526128, -21.39880276],
       [ 26.68013502,   1.31089931,  -5.1202836 ],
       [ -1.06526305,  30.        ,  -4.34885231],
       [-23.78664021, -30.        ,  23.32278169],
       [-23.28783737,  15.19112742, -20.1804416 ],
       [-24.2197745 ,  -6.26778427, -28.4342463 ],
       [-18.31278375,   5.26549963,  10.06351798],
       [ -5.51744071,   9.5581053 ,  -3.35645073],
       [  4.08267367,  25.5357983 , -25.73783651],
       [  4.08267367,  25.5357983 , -25.73783651],
       [-22.90353445,   8.39526128, -21.39880276],
       [ 26.68013502,   1.31089931,  -5.1202836 ],
       [-23.81781601,  -1.11622336,  -2.59565264],
       [-23.06812801, -11.28838676, -30.        ],
       [-23.97975838,  -8.50369199,  30.        ],
       [-23.06197507,   3.22975147,   5.26883744],
       [-23.69601675,  -6.56042408,  -4.77131345],
       [-23.84980715, -13.05305917,  19.66841837],
       [-23.11913055,  11.19535689, -19.79929416],
       [-23.37452042,   8.11281588, -19.85980452],
       [-22.90353445,   8.39526128, -21.39880276],
       [ 26.68013502,   1.31089931,  -5.1202836 ],
       [-22.78199685,  -5.48170983,   5.39774287],
       [-23.71301645,  13.08056346,  -7.06129406],
       [-23.74593664,  -6.72450866, -15.76223969],
       [-23.35054717,  15.57221761, -13.90603946],
       [-22.83675204, -20.58110015, -25.12371152],
       [-23.05016031,  13.62560016, -29.98928772],
       [-22.90353445,  23.52297948, -21.39880276],
       [-22.90353445,   8.39526128, -21.39880276],
       [-22.90353445,   8.39526128, -21.39880276],
       [ 26.68013502,   1.31089931,  -5.1202836 ],
       [-23.9687681 ,   6.57704382, -26.08623644],
       [-23.73378243,  13.91935406, -13.58857301],
       [-22.83958747,   5.61520366,  -5.61076698],
       [-22.95641174,   3.68130183,   6.52797016],
       [-23.50866017,  10.65380877,  -0.4190222 ],
       [-23.72167562,   9.56024477, -27.25826607],
       [-23.35054717,  15.57221761, -13.90603946],
       [-23.35054717,  15.57221761, -13.90603946],
       [-22.90353445,   8.39526128, -21.39880276],
       [ 26.68013502,   1.31089931,  -5.1202836 ]])
最小値:85.51687975923414
入力値:[-23.73378243  13.91935406 -13.58857301]
経過時間:205.96560955047607sec
num_evaluation of BBF = 50.0current_best_fitness=87.92671128030634,  best_fitness=inf
Generation 1: Best Fitness = 87.92671128030634, Best Individual = [-24.77224202 -28.78689615  19.95719073]current_best_fitness=85.72606872567121,  best_fitness=87.92671128030634
Generation 2: Best Fitness = 85.72606872567121, Best Individual = [-23.28783737  15.19112742 -20.1804416 ]
Generation 3: Best Fitness = 85.72606872567121, Best Individual = [-23.28783737  15.19112742 -20.1804416 ]
Generation 4: Best Fitness = 85.72606872567121, Best Individual = [-23.28783737  15.19112742 -20.1804416 ]current_best_fitness=85.51687975923414,  best_fitness=85.72606872567121
Generation 5: Best Fitness = 85.51687975923414, Best Individual = [-23.73378243  13.91935406 -13.58857301]
Generation 6: Best Fitness = 85.51687975923414, Best Individual = [-23.73378243  13.91935406 -13.58857301]current_best_fitness=83.0328980280683,  best_fitness=85.51687975923414
Generation 7: Best Fitness = 83.0328980280683, Best Individual = [-23.32428038  17.23545243 -15.65914   ]
Generation 8: Best Fitness = 83.0328980280683, Best Individual = [-23.32428038  17.23545243 -15.65914   ]current_best_fitness=82.92421861533512,  best_fitness=83.0328980280683
Generation 9: Best Fitness = 82.92421861533512, Best Individual = [-23.20475978  17.37281164 -15.69615433]current_best_fitness=82.66439290036942,  best_fitness=82.92421861533512
Generation 10: Best Fitness = 82.66439290036942, Best Individual = [-23.34567954  15.90337162 -21.81857956]
gene_history=array([[  2.92881024,  12.91136198,   6.16580256],
       [  2.69299098,  -4.58071204,   8.75364678],
       [ -3.74476732,  23.50638005,  27.81976563],
       [ -6.99350887,  17.50350228,   1.73369519],
       [  4.08267367,  25.5357983 , -25.73783651],
       [-24.77224202, -28.78689615,  19.95719073],
       [ 16.68940506,  22.20072889,  28.71710053],
       [ 17.94951385,  -2.31123826,  16.83175058],
       [-22.90353445,   8.39526128, -21.39880276],
       [ 26.68013502,   1.31089931,  -5.1202836 ],
       [ -1.06526305,  30.        ,  -4.34885231],
       [-23.78664021, -30.        ,  23.32278169],
       [-23.28783737,  15.19112742, -20.1804416 ],
       [-24.2197745 ,  -6.26778427, -28.4342463 ],
       [-18.31278375,   5.26549963,  10.06351798],
       [ -5.51744071,   9.5581053 ,  -3.35645073],
       [  4.08267367,  25.5357983 , -25.73783651],
       [  4.08267367,  25.5357983 , -25.73783651],
       [-22.90353445,   8.39526128, -21.39880276],
       [ 26.68013502,   1.31089931,  -5.1202836 ],
       [-23.81781601,  -1.11622336,  -2.59565264],
       [-23.06812801, -11.28838676, -30.        ],
       [-23.97975838,  -8.50369199,  30.        ],
       [-23.06197507,   3.22975147,   5.26883744],
       [-23.69601675,  -6.56042408,  -4.77131345],
       [-23.84980715, -13.05305917,  19.66841837],
       [-23.11913055,  11.19535689, -19.79929416],
       [-23.37452042,   8.11281588, -19.85980452],
       [-22.90353445,   8.39526128, -21.39880276],
       [ 26.68013502,   1.31089931,  -5.1202836 ],
       [-22.78199685,  -5.48170983,   5.39774287],
       [-23.71301645,  13.08056346,  -7.06129406],
       [-23.74593664,  -6.72450866, -15.76223969],
       [-23.35054717,  15.57221761, -13.90603946],
       [-22.83675204, -20.58110015, -25.12371152],
       [-23.05016031,  13.62560016, -29.98928772],
       [-22.90353445,  23.52297948, -21.39880276],
       [-22.90353445,   8.39526128, -21.39880276],
       [-22.90353445,   8.39526128, -21.39880276],
       [ 26.68013502,   1.31089931,  -5.1202836 ],
       [-23.9687681 ,   6.57704382, -26.08623644],
       [-23.73378243,  13.91935406, -13.58857301],
       [-22.83958747,   5.61520366,  -5.61076698],
       [-22.95641174,   3.68130183,   6.52797016],
       [-23.50866017,  10.65380877,  -0.4190222 ],
       [-23.72167562,   9.56024477, -27.25826607],
       [-23.35054717,  15.57221761, -13.90603946],
       [-23.35054717,  15.57221761, -13.90603946],
       [-22.90353445,   8.39526128, -21.39880276],
       [ 26.68013502,   1.31089931,  -5.1202836 ],
       [ -9.44334094,  15.57221761, -13.90603946],
       [-23.35054717,  15.57221761, -13.90603946],
       [-23.362791  ,  14.32214897, -17.01480506],
       [  8.83179923,   5.76610529, -23.85243424],
       [-23.02422257,  11.78894584, -23.81667451],
       [-23.66816976,   7.88321669, -21.86361255],
       [-23.56700494,  10.15618593, -17.19480487],
       [-22.74966242,   6.09138   , -19.06192494],
       [-22.90353445,   8.39526128, -21.39880276],
       [ 26.68013502,   1.31089931,  -5.1202836 ],
       [-22.98473299,  10.50897177, -10.17047746],
       [-23.25945224,  15.16179142, -15.59067198],
       [-23.32428038,  17.23545243, -15.65914   ],
       [-23.35389717,  13.65569988, -21.03448422],
       [-23.35054717,  15.57221761, -13.90603946],
       [-23.35054717,  15.57221761, -13.90603946],
       [-22.71180317,   6.82250806, -22.6525898 ],
       [-23.05077695,  14.26759878, -16.15422298],
       [-22.90353445,   8.39526128, -21.39880276],
       [ 26.68013502,   1.31089931,  -5.1202836 ],
       [-23.32379274,  15.95324683, -14.77886204],
       [-23.34390749,  15.95446834, -15.13889865],
       [-23.18973294,  16.83028072, -16.12715157],
       [-23.17419274,  13.48040702, -16.2434911 ],
       [-23.32428038,  17.23545243, -15.65914   ],
       [-23.32428038,  17.23545243, -15.65914   ],
       [-22.88735007,  13.46450567,  -5.46875324],
       [-23.16367754,  10.82618514, -14.52693172],
       [-22.90353445,   8.39526128, -21.39880276],
       [ 26.68013502,   1.31089931,  -5.1202836 ],
       [-23.34390749,  15.95446834, -15.13889865],
       [-23.34390749,  15.95446834, -15.13889865],
       [-23.32428038,  17.23545243, -15.65914   ],
       [-23.32428038,  17.23545243, -15.65914   ],
       [-23.15231262,  17.22514371, -16.35633406],
       [-23.20475978,  17.37281164, -15.69615433],
       [-23.34677282,  16.55273435, -15.77326429],
       [-23.33962897,  17.71484034, -14.95857748],
       [-22.90353445,   8.39526128, -21.39880276],
       [ 26.68013502,   1.31089931,  -5.1202836 ],
       [-23.33985498,  17.69668612, -14.63979655],
       [-23.33183963,  17.37201141, -15.46027431],
       [-23.19275468,  17.68478354, -15.59449068],
       [-23.14417959,  17.81168951, -15.03096612],
       [-23.34567954,  15.90337162, -21.81857956],
       [-23.3438852 ,  16.37813347, -15.4616426 ],
       [-23.32428038,  17.23545243, -15.65914   ],
       [-23.32428038,  17.23545243, -26.34029959],
       [-22.90353445,   8.39526128, -21.39880276],
       [ 26.68013502,   1.31089931,  -5.1202836 ]])
最小値:82.66439290036942
入力値:[-23.34567954  15.90337162 -21.81857956]
経過時間:412.10465955734253sec
num_evaluation of BBF = 100.0current_best_fitness=87.92671128030634,  best_fitness=inf
Generation 1: Best Fitness = 87.92671128030634, Best Individual = [-24.77224202 -28.78689615  19.95719073]current_best_fitness=85.72606872567121,  best_fitness=87.92671128030634
Generation 2: Best Fitness = 85.72606872567121, Best Individual = [-23.28783737  15.19112742 -20.1804416 ]
Generation 3: Best Fitness = 85.72606872567121, Best Individual = [-23.28783737  15.19112742 -20.1804416 ]
Generation 4: Best Fitness = 85.72606872567121, Best Individual = [-23.28783737  15.19112742 -20.1804416 ]current_best_fitness=85.51687975923414,  best_fitness=85.72606872567121
Generation 5: Best Fitness = 85.51687975923414, Best Individual = [-23.73378243  13.91935406 -13.58857301]
Generation 6: Best Fitness = 85.51687975923414, Best Individual = [-23.73378243  13.91935406 -13.58857301]current_best_fitness=83.0328980280683,  best_fitness=85.51687975923414
Generation 7: Best Fitness = 83.0328980280683, Best Individual = [-23.32428038  17.23545243 -15.65914   ]
Generation 8: Best Fitness = 83.0328980280683, Best Individual = [-23.32428038  17.23545243 -15.65914   ]current_best_fitness=82.92421861533512,  best_fitness=83.0328980280683
Generation 9: Best Fitness = 82.92421861533512, Best Individual = [-23.20475978  17.37281164 -15.69615433]current_best_fitness=82.66439290036942,  best_fitness=82.92421861533512
Generation 10: Best Fitness = 82.66439290036942, Best Individual = [-23.34567954  15.90337162 -21.81857956]current_best_fitness=82.64863017648167,  best_fitness=82.66439290036942
Generation 11: Best Fitness = 82.64863017648167, Best Individual = [-23.12288371  17.68875127 -15.86102798]current_best_fitness=82.56255393916945,  best_fitness=82.64863017648167
Generation 12: Best Fitness = 82.56255393916945, Best Individual = [-23.09568633  17.68387532 -15.6103412 ]current_best_fitness=82.52956224114314,  best_fitness=82.56255393916945
Generation 13: Best Fitness = 82.52956224114314, Best Individual = [-23.0995185   17.68398483 -15.527906  ]current_best_fitness=81.97393173741148,  best_fitness=82.52956224114314
Generation 14: Best Fitness = 81.97393173741148, Best Individual = [-23.09903939  21.62172376 -15.54415117]
Generation 15: Best Fitness = 81.97393173741148, Best Individual = [-23.09903939  21.62172376 -15.54415117]
gene_history=array([[  2.92881024,  12.91136198,   6.16580256],
       [  2.69299098,  -4.58071204,   8.75364678],
       [ -3.74476732,  23.50638005,  27.81976563],
       [ -6.99350887,  17.50350228,   1.73369519],
       [  4.08267367,  25.5357983 , -25.73783651],
       [-24.77224202, -28.78689615,  19.95719073],
       [ 16.68940506,  22.20072889,  28.71710053],
       [ 17.94951385,  -2.31123826,  16.83175058],
       [-22.90353445,   8.39526128, -21.39880276],
       [ 26.68013502,   1.31089931,  -5.1202836 ],
       [ -1.06526305,  30.        ,  -4.34885231],
       [-23.78664021, -30.        ,  23.32278169],
       [-23.28783737,  15.19112742, -20.1804416 ],
       [-24.2197745 ,  -6.26778427, -28.4342463 ],
       [-18.31278375,   5.26549963,  10.06351798],
       [ -5.51744071,   9.5581053 ,  -3.35645073],
       [  4.08267367,  25.5357983 , -25.73783651],
       [  4.08267367,  25.5357983 , -25.73783651],
       [-22.90353445,   8.39526128, -21.39880276],
       [ 26.68013502,   1.31089931,  -5.1202836 ],
       [-23.81781601,  -1.11622336,  -2.59565264],
       [-23.06812801, -11.28838676, -30.        ],
       [-23.97975838,  -8.50369199,  30.        ],
       [-23.06197507,   3.22975147,   5.26883744],
       [-23.69601675,  -6.56042408,  -4.77131345],
       [-23.84980715, -13.05305917,  19.66841837],
       [-23.11913055,  11.19535689, -19.79929416],
       [-23.37452042,   8.11281588, -19.85980452],
       [-22.90353445,   8.39526128, -21.39880276],
       [ 26.68013502,   1.31089931,  -5.1202836 ],
       [-22.78199685,  -5.48170983,   5.39774287],
       [-23.71301645,  13.08056346,  -7.06129406],
       [-23.74593664,  -6.72450866, -15.76223969],
       [-23.35054717,  15.57221761, -13.90603946],
       [-22.83675204, -20.58110015, -25.12371152],
       [-23.05016031,  13.62560016, -29.98928772],
       [-22.90353445,  23.52297948, -21.39880276],
       [-22.90353445,   8.39526128, -21.39880276],
       [-22.90353445,   8.39526128, -21.39880276],
       [ 26.68013502,   1.31089931,  -5.1202836 ],
       [-23.9687681 ,   6.57704382, -26.08623644],
       [-23.73378243,  13.91935406, -13.58857301],
       [-22.83958747,   5.61520366,  -5.61076698],
       [-22.95641174,   3.68130183,   6.52797016],
       [-23.50866017,  10.65380877,  -0.4190222 ],
       [-23.72167562,   9.56024477, -27.25826607],
       [-23.35054717,  15.57221761, -13.90603946],
       [-23.35054717,  15.57221761, -13.90603946],
       [-22.90353445,   8.39526128, -21.39880276],
       [ 26.68013502,   1.31089931,  -5.1202836 ],
       [ -9.44334094,  15.57221761, -13.90603946],
       [-23.35054717,  15.57221761, -13.90603946],
       [-23.362791  ,  14.32214897, -17.01480506],
       [  8.83179923,   5.76610529, -23.85243424],
       [-23.02422257,  11.78894584, -23.81667451],
       [-23.66816976,   7.88321669, -21.86361255],
       [-23.56700494,  10.15618593, -17.19480487],
       [-22.74966242,   6.09138   , -19.06192494],
       [-22.90353445,   8.39526128, -21.39880276],
       [ 26.68013502,   1.31089931,  -5.1202836 ],
       [-22.98473299,  10.50897177, -10.17047746],
       [-23.25945224,  15.16179142, -15.59067198],
       [-23.32428038,  17.23545243, -15.65914   ],
       [-23.35389717,  13.65569988, -21.03448422],
       [-23.35054717,  15.57221761, -13.90603946],
       [-23.35054717,  15.57221761, -13.90603946],
       [-22.71180317,   6.82250806, -22.6525898 ],
       [-23.05077695,  14.26759878, -16.15422298],
       [-22.90353445,   8.39526128, -21.39880276],
       [ 26.68013502,   1.31089931,  -5.1202836 ],
       [-23.32379274,  15.95324683, -14.77886204],
       [-23.34390749,  15.95446834, -15.13889865],
       [-23.18973294,  16.83028072, -16.12715157],
       [-23.17419274,  13.48040702, -16.2434911 ],
       [-23.32428038,  17.23545243, -15.65914   ],
       [-23.32428038,  17.23545243, -15.65914   ],
       [-22.88735007,  13.46450567,  -5.46875324],
       [-23.16367754,  10.82618514, -14.52693172],
       [-22.90353445,   8.39526128, -21.39880276],
       [ 26.68013502,   1.31089931,  -5.1202836 ],
       [-23.34390749,  15.95446834, -15.13889865],
       [-23.34390749,  15.95446834, -15.13889865],
       [-23.32428038,  17.23545243, -15.65914   ],
       [-23.32428038,  17.23545243, -15.65914   ],
       [-23.15231262,  17.22514371, -16.35633406],
       [-23.20475978,  17.37281164, -15.69615433],
       [-23.34677282,  16.55273435, -15.77326429],
       [-23.33962897,  17.71484034, -14.95857748],
       [-22.90353445,   8.39526128, -21.39880276],
       [ 26.68013502,   1.31089931,  -5.1202836 ],
       [-23.33985498,  17.69668612, -14.63979655],
       [-23.33183963,  17.37201141, -15.46027431],
       [-23.19275468,  17.68478354, -15.59449068],
       [-23.14417959,  17.81168951, -15.03096612],
       [-23.34567954,  15.90337162, -21.81857956],
       [-23.3438852 ,  16.37813347, -15.4616426 ],
       [-23.32428038,  17.23545243, -15.65914   ],
       [-23.32428038,  17.23545243, -26.34029959],
       [-22.90353445,   8.39526128, -21.39880276],
       [ 26.68013502,   1.31089931,  -5.1202836 ],
       [-23.12288371,  17.68875127, -15.86102798],
       [-23.17004555,  17.6863353 , -14.94788269],
       [-23.34615639,  16.08145658, -14.93600113],
       [-23.33280446,  16.80820423, -16.03318226],
       [-23.27652975,  12.05133897, -15.66720006],
       [-23.23955029,  15.90016002, -15.63298682],
       [-23.19275468,  17.68478354, -15.59449068],
       [-23.19275468,  28.02329508, -15.59449068],
       [-22.90353445,   8.39526128, -21.39880276],
       [ 26.68013502,   1.31089931,  -5.1202836 ],
       [-23.15278246,  16.55150405, -16.23665061],
       [-23.23740664,  17.13347045, -15.55177155],
       [-23.0986447 ,  17.6851736 , -15.78724826],
       [-23.15973756,  17.68746693,  -6.04665698],
       [-23.13024388,  17.68589092, -15.85368877],
       [-23.09568633,  17.68387532, -15.6103412 ],
       [-23.14566397,  17.38149086, -15.3958662 ],
       [-23.24664103,  18.98526187, -15.00697729],
       [-22.90353445,   8.39526128, -21.39880276],
       [ 26.68013502,   1.31089931,  -5.1202836 ],
       [-23.09568633,  17.68387532, -15.6103412 ],
       [-23.09568633,  17.68387532, -15.6103412 ],
       [-23.09732334,  17.68497918, -15.86814479],
       [-23.0995185 ,  17.68398483, -15.527906  ],
       [-23.09568633,  17.68387532, -15.6103412 ],
       [-23.09568633,  17.68387532, -15.6103412 ],
       [-23.12730931,  17.46231773, -16.0599204 ],
       [-23.12774487,  17.63142534, -29.14490909],
       [-22.90353445,   8.39526128, -21.39880276],
       [ 26.68013502,   1.31089931,  -5.1202836 ],
       [-23.11757515,  17.6504785 , -21.48683938],
       [-23.11528872,  17.678518  , -21.19741608],
       [-23.10881996,  17.64719125, -15.81499853],
       [-23.13919128,  17.71102007, -16.02714288],
       [-23.09452404,  17.68396123, -15.52561946],
       [-23.09903939,  21.62172376, -15.54415117],
       [-23.09885108,  17.6839148 , -15.51152838],
       [-23.10126342,  17.68399454, -15.4991704 ],
       [-22.90353445,   8.39526128, -21.39880276],
       [ 26.68013502,   1.31089931,  -5.1202836 ],
       [-23.10609769,  17.68461182, -15.89043678],
       [-23.09440305,  17.63980971, -15.54215707],
       [-23.11317173,  17.64625548, -19.80751163],
       [-23.08431885,  17.64142259, -24.07289164],
       [-23.09732976,  22.17766402, -18.68432852],
       [-23.09121982,  20.65049158, -17.43395213],
       [-23.09596455,  15.67372116, -22.12033178],
       [-23.11619826,  19.21305829, -22.98682511],
       [-22.90353445,   8.39526128, -21.39880276],
       [ 26.68013502,   1.31089931,  -5.1202836 ]])
最小値:81.97393173741148
入力値:[-23.09903939  21.62172376 -15.54415117]
経過時間:637.9513702392578sec
num_evaluation of BBF = 150.0current_best_fitness=84.9249464339664,  best_fitness=inf
Generation 1: Best Fitness = 84.9249464339664, Best Individual = [-17.73286502  22.68704618 -28.35674441]
Generation 2: Best Fitness = 84.9249464339664, Best Individual = [-17.73286502  22.68704618 -28.35674441]
gene_history=array([[ -4.97867972,  13.21946961, -29.99313751],
       [-11.86004564, -21.19464655, -24.45968431],
       [-18.82438732,  -9.26635638,  -6.19395155],
       [  2.32900404,  -4.84832914,  11.11317002],
       [-17.73286502,  22.68704618, -28.35674441],
       [-17.73286502,  22.68704618, -28.35674441],
       [-17.73286502,  22.68704618, -28.35674441],
       [-19.07075615,  13.96986292, -30.        ],
       [ -4.1288818 ,  16.29716746, -30.        ],
       [-17.73286502,  22.68704618, -28.35674441]])
最小値:84.9249464339664
入力値:[-17.73286502  22.68704618 -28.35674441]
経過時間:42.09741234779358sec
num_evaluation of BBF = 10.0current_best_fitness=84.9249464339664,  best_fitness=inf
Generation 1: Best Fitness = 84.9249464339664, Best Individual = [-17.73286502  22.68704618 -28.35674441]current_best_fitness=64.38037853658898,  best_fitness=84.9249464339664
Generation 2: Best Fitness = 64.38037853658898, Best Individual = [ 15.60392692  23.4225232  -29.29253918]
Generation 3: Best Fitness = 64.38037853658898, Best Individual = [ 15.60392692  23.4225232  -29.29253918]
gene_history=array([[ -4.97867972,  13.21946961, -29.99313751],
       [-11.86004564, -21.19464655, -24.45968431],
       [-18.82438732,  -9.26635638,  -6.19395155],
       [  2.32900404,  -4.84832914,  11.11317002],
       [-17.73286502,  22.68704618, -28.35674441],
       [ 10.22805061,  -4.96171186,   3.52138971],
       [-21.57678368, -18.11391065,  18.04467412],
       [ 28.09569454, -11.19454931,  11.53935694],
       [ 22.58334914,  23.67639981, -24.89734732],
       [-27.65671301, -19.81017483,  22.68855021],
       [ 30.        ,  23.03943651, -23.41091325],
       [ 15.60392692,  23.4225232 , -29.29253918],
       [  0.10996622,  17.00483647, -28.91838851],
       [-13.69905285,  12.97382349, -28.42734079],
       [-15.22733594, -30.        ,   9.12529616],
       [-26.1354883 ,   3.73822398,  30.        ],
       [ -4.97867972,  13.21946961, -29.99313751],
       [ -4.97867972,  18.03796036, -29.99313751],
       [ 22.58334914,  23.67639981, -24.89734732],
       [-27.65671301, -19.81017483,  22.68855021],
       [ 19.4110151 ,  23.66970329, -30.        ],
       [ 21.70475563,  23.51229947, -25.08583602],
       [ 30.        ,   9.43637745,  30.        ],
       [-30.        ,  -5.60345824,  30.        ],
       [ 27.94360822,  23.38035511, -30.        ],
       [ 18.42363594,  23.7060215 , -28.25196121],
       [ 12.3667319 ,   8.36845616, -27.68902691],
       [-26.14246806,  22.46027032, -30.        ],
       [ 22.58334914,  23.67639981, -24.89734732],
       [-27.65671301, -19.81017483,  22.68855021]])
最小値:64.38037853658898
入力値:[ 15.60392692  23.4225232  -29.29253918]
経過時間:124.99894857406616sec
num_evaluation of BBF = 30.0current_best_fitness=84.9249464339664,  best_fitness=inf
Generation 1: Best Fitness = 84.9249464339664, Best Individual = [-17.73286502  22.68704618 -28.35674441]current_best_fitness=64.38037853658898,  best_fitness=84.9249464339664
Generation 2: Best Fitness = 64.38037853658898, Best Individual = [ 15.60392692  23.4225232  -29.29253918]
Generation 3: Best Fitness = 64.38037853658898, Best Individual = [ 15.60392692  23.4225232  -29.29253918]
Generation 4: Best Fitness = 64.38037853658898, Best Individual = [ 15.60392692  23.4225232  -29.29253918]
Generation 5: Best Fitness = 64.38037853658898, Best Individual = [ 15.60392692  23.4225232  -29.29253918]
gene_history=array([[ -4.97867972,  13.21946961, -29.99313751],
       [-11.86004564, -21.19464655, -24.45968431],
       [-18.82438732,  -9.26635638,  -6.19395155],
       [  2.32900404,  -4.84832914,  11.11317002],
       [-17.73286502,  22.68704618, -28.35674441],
       [ 10.22805061,  -4.96171186,   3.52138971],
       [-21.57678368, -18.11391065,  18.04467412],
       [ 28.09569454, -11.19454931,  11.53935694],
       [ 22.58334914,  23.67639981, -24.89734732],
       [-27.65671301, -19.81017483,  22.68855021],
       [ 30.        ,  23.03943651, -23.41091325],
       [ 15.60392692,  23.4225232 , -29.29253918],
       [  0.10996622,  17.00483647, -28.91838851],
       [-13.69905285,  12.97382349, -28.42734079],
       [-15.22733594, -30.        ,   9.12529616],
       [-26.1354883 ,   3.73822398,  30.        ],
       [ -4.97867972,  13.21946961, -29.99313751],
       [ -4.97867972,  18.03796036, -29.99313751],
       [ 22.58334914,  23.67639981, -24.89734732],
       [-27.65671301, -19.81017483,  22.68855021],
       [ 19.4110151 ,  23.66970329, -30.        ],
       [ 21.70475563,  23.51229947, -25.08583602],
       [ 30.        ,   9.43637745,  30.        ],
       [-30.        ,  -5.60345824,  30.        ],
       [ 27.94360822,  23.38035511, -30.        ],
       [ 18.42363594,  23.7060215 , -28.25196121],
       [ 12.3667319 ,   8.36845616, -27.68902691],
       [-26.14246806,  22.46027032, -30.        ],
       [ 22.58334914,  23.67639981, -24.89734732],
       [-27.65671301, -19.81017483,  22.68855021],
       [ 21.70475563,  23.51229947, -25.08583602],
       [ 21.70475563,  23.51229947, -25.08583602],
       [ 30.        ,  19.81031751,   8.33932953],
       [-30.        ,   6.96856195, -18.57935386],
       [ 21.39331159,  23.47074013, -29.38799161],
       [ 30.        , -10.53825242, -29.93003907],
       [-30.        ,  -8.9248248 ,   2.41126938],
       [ 19.49031002,  -8.03785945, -25.30248218],
       [ 22.58334914,  23.67639981, -24.89734732],
       [-27.65671301, -19.81017483,  22.68855021],
       [ 21.39331159,  23.47074013, -29.38799161],
       [ 21.39331159,  23.47074013, -29.38799161],
       [ 21.26612501,  23.4821962 , -27.59379326],
       [ 13.14536182,  23.52556829, -29.15218645],
       [ 28.39505051,  15.39504201, -30.        ],
       [ 20.25882928,  10.81835046,  16.00196501],
       [ 21.70475563,  23.51229947, -25.08583602],
       [ 21.70475563,  23.51229947, -25.08583602],
       [ 22.58334914,  23.67639981, -24.89734732],
       [-27.65671301, -19.81017483,  22.68855021]])
最小値:64.38037853658898
入力値:[ 15.60392692  23.4225232  -29.29253918]
経過時間:206.46686697006226sec
num_evaluation of BBF = 50.0current_best_fitness=84.9249464339664,  best_fitness=inf
Generation 1: Best Fitness = 84.9249464339664, Best Individual = [-17.73286502  22.68704618 -28.35674441]current_best_fitness=64.38037853658898,  best_fitness=84.9249464339664
Generation 2: Best Fitness = 64.38037853658898, Best Individual = [ 15.60392692  23.4225232  -29.29253918]
Generation 3: Best Fitness = 64.38037853658898, Best Individual = [ 15.60392692  23.4225232  -29.29253918]
Generation 4: Best Fitness = 64.38037853658898, Best Individual = [ 15.60392692  23.4225232  -29.29253918]
Generation 5: Best Fitness = 64.38037853658898, Best Individual = [ 15.60392692  23.4225232  -29.29253918]
Generation 6: Best Fitness = 64.38037853658898, Best Individual = [ 15.60392692  23.4225232  -29.29253918]
Generation 7: Best Fitness = 64.38037853658898, Best Individual = [ 15.60392692  23.4225232  -29.29253918]
Generation 8: Best Fitness = 64.38037853658898, Best Individual = [ 15.60392692  23.4225232  -29.29253918]
Generation 9: Best Fitness = 64.38037853658898, Best Individual = [ 15.60392692  23.4225232  -29.29253918]
Generation 10: Best Fitness = 64.38037853658898, Best Individual = [ 15.60392692  23.4225232  -29.29253918]
gene_history=array([[ -4.97867972,  13.21946961, -29.99313751],
       [-11.86004564, -21.19464655, -24.45968431],
       [-18.82438732,  -9.26635638,  -6.19395155],
       [  2.32900404,  -4.84832914,  11.11317002],
       [-17.73286502,  22.68704618, -28.35674441],
       [ 10.22805061,  -4.96171186,   3.52138971],
       [-21.57678368, -18.11391065,  18.04467412],
       [ 28.09569454, -11.19454931,  11.53935694],
       [ 22.58334914,  23.67639981, -24.89734732],
       [-27.65671301, -19.81017483,  22.68855021],
       [ 30.        ,  23.03943651, -23.41091325],
       [ 15.60392692,  23.4225232 , -29.29253918],
       [  0.10996622,  17.00483647, -28.91838851],
       [-13.69905285,  12.97382349, -28.42734079],
       [-15.22733594, -30.        ,   9.12529616],
       [-26.1354883 ,   3.73822398,  30.        ],
       [ -4.97867972,  13.21946961, -29.99313751],
       [ -4.97867972,  18.03796036, -29.99313751],
       [ 22.58334914,  23.67639981, -24.89734732],
       [-27.65671301, -19.81017483,  22.68855021],
       [ 19.4110151 ,  23.66970329, -30.        ],
       [ 21.70475563,  23.51229947, -25.08583602],
       [ 30.        ,   9.43637745,  30.        ],
       [-30.        ,  -5.60345824,  30.        ],
       [ 27.94360822,  23.38035511, -30.        ],
       [ 18.42363594,  23.7060215 , -28.25196121],
       [ 12.3667319 ,   8.36845616, -27.68902691],
       [-26.14246806,  22.46027032, -30.        ],
       [ 22.58334914,  23.67639981, -24.89734732],
       [-27.65671301, -19.81017483,  22.68855021],
       [ 21.70475563,  23.51229947, -25.08583602],
       [ 21.70475563,  23.51229947, -25.08583602],
       [ 30.        ,  19.81031751,   8.33932953],
       [-30.        ,   6.96856195, -18.57935386],
       [ 21.39331159,  23.47074013, -29.38799161],
       [ 30.        , -10.53825242, -29.93003907],
       [-30.        ,  -8.9248248 ,   2.41126938],
       [ 19.49031002,  -8.03785945, -25.30248218],
       [ 22.58334914,  23.67639981, -24.89734732],
       [-27.65671301, -19.81017483,  22.68855021],
       [ 21.39331159,  23.47074013, -29.38799161],
       [ 21.39331159,  23.47074013, -29.38799161],
       [ 21.26612501,  23.4821962 , -27.59379326],
       [ 13.14536182,  23.52556829, -29.15218645],
       [ 28.39505051,  15.39504201, -30.        ],
       [ 20.25882928,  10.81835046,  16.00196501],
       [ 21.70475563,  23.51229947, -25.08583602],
       [ 21.70475563,  23.51229947, -25.08583602],
       [ 22.58334914,  23.67639981, -24.89734732],
       [-27.65671301, -19.81017483,  22.68855021],
       [ 26.06261072,  26.3476886 , -30.        ],
       [ 24.23103687,  13.87668963, -29.93364504],
       [ 28.5840372 ,  21.51418695, -25.46820399],
       [ 20.94822471, -14.80354363, -23.81153436],
       [ 22.26202046,  11.3828367 , -26.60623703],
       [ 23.62996436,  14.5198755 , -30.        ],
       [ 19.56160462,  23.50715897, -28.51333987],
       [ 25.64912682,  23.52614143, -29.4829236 ],
       [ 22.58334914,  23.67639981, -24.89734732],
       [-27.65671301, -19.81017483,  22.68855021],
       [ 24.23103687,  13.87668963, -29.93364504],
       [ 24.23103687,  13.87668963, -29.93364504],
       [ 24.00311818,  10.76437867, -28.87606253],
       [ 22.21916385,  26.88898777, -29.10169453],
       [ 24.3660819 ,  23.65919873, -27.75967225],
       [ 22.03080066,  12.89603265, -30.        ],
       [ 29.30246145,  26.06706861, -28.20824362],
       [ 27.70884319,  21.04501505, -25.73541761],
       [ 22.58334914,  23.67639981, -24.89734732],
       [-27.65671301, -19.81017483,  22.68855021],
       [ 26.94790093,  12.52272398, -27.87027409],
       [ 24.24766244,  24.86573203, -28.93201176],
       [ 30.        ,  22.75683699, -27.89297347],
       [ 18.51034064,  30.        ,  12.95674197],
       [ 22.03080066,  12.89603265, -30.        ],
       [ 22.03080066,  12.89603265, -30.        ],
       [ 22.05608223,  13.98003032, -29.96976045],
       [ 21.5218359 ,  14.22550735, -29.91427338],
       [ 22.58334914,  23.67639981, -24.89734732],
       [-27.65671301, -19.81017483,  22.68855021],
       [ 22.3777632 ,  22.18793414, -27.44793257],
       [ 21.80086173,  22.94074652, -27.3475637 ],
       [ 21.45830271,  14.28004825, -29.90720052],
       [ 22.025336  ,  13.8869118 , -29.99631898],
       [ 25.51678563,  21.85049716,  27.44566098],
       [ 22.72667588,  20.37524585, -29.30266572],
       [ 22.03080066,  12.89603265, -26.10768099],
       [ 28.32622262,  12.89603265, -30.        ],
       [ 22.58334914,  23.67639981, -24.89734732],
       [-27.65671301, -19.81017483,  22.68855021],
       [-23.99769534,  12.89603265, -26.10768099],
       [ 22.03080066,  12.89603265, -26.10768099],
       [ 21.79828488,  14.27798984, -29.90968578],
       [ 21.51489927,  14.36554497, -29.97988638],
       [ 22.05071926,  17.39508794, -27.33046939],
       [ 21.72987113,   9.99781576,  -1.28518676],
       [ 21.86821245,  22.74945645, -27.17911065],
       [ 21.91378659,  25.059213  , -25.50886676],
       [ 22.58334914,  23.67639981, -24.89734732],
       [-27.65671301, -19.81017483,  22.68855021]])
最小値:64.38037853658898
入力値:[ 15.60392692  23.4225232  -29.29253918]
経過時間:417.74153995513916sec
num_evaluation of BBF = 100.0current_best_fitness=84.9249464339664,  best_fitness=inf
Generation 1: Best Fitness = 84.9249464339664, Best Individual = [-17.73286502  22.68704618 -28.35674441]current_best_fitness=64.38037853658898,  best_fitness=84.9249464339664
Generation 2: Best Fitness = 64.38037853658898, Best Individual = [ 15.60392692  23.4225232  -29.29253918]
Generation 3: Best Fitness = 64.38037853658898, Best Individual = [ 15.60392692  23.4225232  -29.29253918]
Generation 4: Best Fitness = 64.38037853658898, Best Individual = [ 15.60392692  23.4225232  -29.29253918]
Generation 5: Best Fitness = 64.38037853658898, Best Individual = [ 15.60392692  23.4225232  -29.29253918]
Generation 6: Best Fitness = 64.38037853658898, Best Individual = [ 15.60392692  23.4225232  -29.29253918]
Generation 7: Best Fitness = 64.38037853658898, Best Individual = [ 15.60392692  23.4225232  -29.29253918]
Generation 8: Best Fitness = 64.38037853658898, Best Individual = [ 15.60392692  23.4225232  -29.29253918]
Generation 9: Best Fitness = 64.38037853658898, Best Individual = [ 15.60392692  23.4225232  -29.29253918]
Generation 10: Best Fitness = 64.38037853658898, Best Individual = [ 15.60392692  23.4225232  -29.29253918]
Generation 11: Best Fitness = 64.38037853658898, Best Individual = [ 15.60392692  23.4225232  -29.29253918]
Generation 12: Best Fitness = 64.38037853658898, Best Individual = [ 15.60392692  23.4225232  -29.29253918]
Generation 13: Best Fitness = 64.38037853658898, Best Individual = [ 15.60392692  23.4225232  -29.29253918]
Generation 14: Best Fitness = 64.38037853658898, Best Individual = [ 15.60392692  23.4225232  -29.29253918]
Generation 15: Best Fitness = 64.38037853658898, Best Individual = [ 15.60392692  23.4225232  -29.29253918]
gene_history=array([[ -4.97867972,  13.21946961, -29.99313751],
       [-11.86004564, -21.19464655, -24.45968431],
       [-18.82438732,  -9.26635638,  -6.19395155],
       [  2.32900404,  -4.84832914,  11.11317002],
       [-17.73286502,  22.68704618, -28.35674441],
       [ 10.22805061,  -4.96171186,   3.52138971],
       [-21.57678368, -18.11391065,  18.04467412],
       [ 28.09569454, -11.19454931,  11.53935694],
       [ 22.58334914,  23.67639981, -24.89734732],
       [-27.65671301, -19.81017483,  22.68855021],
       [ 30.        ,  23.03943651, -23.41091325],
       [ 15.60392692,  23.4225232 , -29.29253918],
       [  0.10996622,  17.00483647, -28.91838851],
       [-13.69905285,  12.97382349, -28.42734079],
       [-15.22733594, -30.        ,   9.12529616],
       [-26.1354883 ,   3.73822398,  30.        ],
       [ -4.97867972,  13.21946961, -29.99313751],
       [ -4.97867972,  18.03796036, -29.99313751],
       [ 22.58334914,  23.67639981, -24.89734732],
       [-27.65671301, -19.81017483,  22.68855021],
       [ 19.4110151 ,  23.66970329, -30.        ],
       [ 21.70475563,  23.51229947, -25.08583602],
       [ 30.        ,   9.43637745,  30.        ],
       [-30.        ,  -5.60345824,  30.        ],
       [ 27.94360822,  23.38035511, -30.        ],
       [ 18.42363594,  23.7060215 , -28.25196121],
       [ 12.3667319 ,   8.36845616, -27.68902691],
       [-26.14246806,  22.46027032, -30.        ],
       [ 22.58334914,  23.67639981, -24.89734732],
       [-27.65671301, -19.81017483,  22.68855021],
       [ 21.70475563,  23.51229947, -25.08583602],
       [ 21.70475563,  23.51229947, -25.08583602],
       [ 30.        ,  19.81031751,   8.33932953],
       [-30.        ,   6.96856195, -18.57935386],
       [ 21.39331159,  23.47074013, -29.38799161],
       [ 30.        , -10.53825242, -29.93003907],
       [-30.        ,  -8.9248248 ,   2.41126938],
       [ 19.49031002,  -8.03785945, -25.30248218],
       [ 22.58334914,  23.67639981, -24.89734732],
       [-27.65671301, -19.81017483,  22.68855021],
       [ 21.39331159,  23.47074013, -29.38799161],
       [ 21.39331159,  23.47074013, -29.38799161],
       [ 21.26612501,  23.4821962 , -27.59379326],
       [ 13.14536182,  23.52556829, -29.15218645],
       [ 28.39505051,  15.39504201, -30.        ],
       [ 20.25882928,  10.81835046,  16.00196501],
       [ 21.70475563,  23.51229947, -25.08583602],
       [ 21.70475563,  23.51229947, -25.08583602],
       [ 22.58334914,  23.67639981, -24.89734732],
       [-27.65671301, -19.81017483,  22.68855021],
       [ 26.06261072,  26.3476886 , -30.        ],
       [ 24.23103687,  13.87668963, -29.93364504],
       [ 28.5840372 ,  21.51418695, -25.46820399],
       [ 20.94822471, -14.80354363, -23.81153436],
       [ 22.26202046,  11.3828367 , -26.60623703],
       [ 23.62996436,  14.5198755 , -30.        ],
       [ 19.56160462,  23.50715897, -28.51333987],
       [ 25.64912682,  23.52614143, -29.4829236 ],
       [ 22.58334914,  23.67639981, -24.89734732],
       [-27.65671301, -19.81017483,  22.68855021],
       [ 24.23103687,  13.87668963, -29.93364504],
       [ 24.23103687,  13.87668963, -29.93364504],
       [ 24.00311818,  10.76437867, -28.87606253],
       [ 22.21916385,  26.88898777, -29.10169453],
       [ 24.3660819 ,  23.65919873, -27.75967225],
       [ 22.03080066,  12.89603265, -30.        ],
       [ 29.30246145,  26.06706861, -28.20824362],
       [ 27.70884319,  21.04501505, -25.73541761],
       [ 22.58334914,  23.67639981, -24.89734732],
       [-27.65671301, -19.81017483,  22.68855021],
       [ 26.94790093,  12.52272398, -27.87027409],
       [ 24.24766244,  24.86573203, -28.93201176],
       [ 30.        ,  22.75683699, -27.89297347],
       [ 18.51034064,  30.        ,  12.95674197],
       [ 22.03080066,  12.89603265, -30.        ],
       [ 22.03080066,  12.89603265, -30.        ],
       [ 22.05608223,  13.98003032, -29.96976045],
       [ 21.5218359 ,  14.22550735, -29.91427338],
       [ 22.58334914,  23.67639981, -24.89734732],
       [-27.65671301, -19.81017483,  22.68855021],
       [ 22.3777632 ,  22.18793414, -27.44793257],
       [ 21.80086173,  22.94074652, -27.3475637 ],
       [ 21.45830271,  14.28004825, -29.90720052],
       [ 22.025336  ,  13.8869118 , -29.99631898],
       [ 25.51678563,  21.85049716,  27.44566098],
       [ 22.72667588,  20.37524585, -29.30266572],
       [ 22.03080066,  12.89603265, -26.10768099],
       [ 28.32622262,  12.89603265, -30.        ],
       [ 22.58334914,  23.67639981, -24.89734732],
       [-27.65671301, -19.81017483,  22.68855021],
       [-23.99769534,  12.89603265, -26.10768099],
       [ 22.03080066,  12.89603265, -26.10768099],
       [ 21.79828488,  14.27798984, -29.90968578],
       [ 21.51489927,  14.36554497, -29.97988638],
       [ 22.05071926,  17.39508794, -27.33046939],
       [ 21.72987113,   9.99781576,  -1.28518676],
       [ 21.86821245,  22.74945645, -27.17911065],
       [ 21.91378659,  25.059213  , -25.50886676],
       [ 22.58334914,  23.67639981, -24.89734732],
       [-27.65671301, -19.81017483,  22.68855021],
       [ 21.76959134,  14.38075543, -29.94065066],
       [ 21.91246909,  14.28893834, -29.90961221],
       [ 21.79828488,  14.27798984, -29.90968578],
       [ 21.79828488,  14.27798984, -29.90968578],
       [ 21.91378659,  25.059213  , -25.50886676],
       [ 21.91378659,  25.059213  , -25.50886676],
       [ 22.03080066,  12.89603265, -26.10768099],
       [ 22.03080066,  12.89603265, -26.10768099],
       [ 22.58334914,  23.67639981, -24.89734732],
       [-27.65671301, -19.81017483,  22.68855021],
       [ 22.03080066,  12.89603265, -26.10768099],
       [ 22.03080066,  12.89603265, -26.10768099],
       [ 22.54396521,  15.78909902, -23.96009891],
       [ 22.0784625 ,  25.83213462, -25.82898641],
       [ 21.79828488,  14.27798984, -29.90968578],
       [ 21.79828488,  14.27798984, -29.90968578],
       [ 21.79828488,  14.27798984, -29.90968578],
       [ 21.79828488,  14.27798984, -29.90968578],
       [ 22.58334914,  23.67639981, -24.89734732],
       [-27.65671301, -19.81017483,  22.68855021],
       [ 22.02694313,  13.90490486, -26.69766774],
       [ 21.68592538,  14.08002992, -27.98449738],
       [ 21.78940671,  12.68845303, -30.        ],
       [ 22.07463454,  14.9208481 , -24.86260332],
       [ 21.79828488,  14.27798984, -29.90968578],
       [ 21.79828488,  14.27798984, -29.90968578],
       [ 21.79828488,  14.27798984, -29.90968578],
       [ 21.79828488,  14.27798984, -29.90968578],
       [ 22.58334914,  23.67639981, -24.89734732],
       [-27.65671301, -19.81017483,  22.68855021],
       [ 21.78947487,  14.78987783, -29.91408543],
       [ 21.78542797,  13.36089467, -29.9943461 ],
       [ 21.79828488,  14.27798984, -29.90968578],
       [ 21.79828488,  14.27798984, -29.90968578],
       [-26.54498966, -11.23913063, -27.11078466],
       [ 21.74739846,  14.35793997, -27.45315889],
       [ 21.79828488,  14.27798984, -29.90968578],
       [ 21.79828488,  14.27798984, -29.90968578],
       [ 22.58334914,  23.67639981, -24.89734732],
       [-27.65671301, -19.81017483,  22.68855021],
       [ 21.79828488,  14.27798984, -29.90968578],
       [ 21.79828488,  14.27798984, -29.90968578],
       [ 22.54014141,  27.9453291 , -25.48909918],
       [ 21.89141409,  12.84503529, -30.        ],
       [ 21.79085635,  15.26530508, -29.88593337],
       [ 21.78391244,  12.9741452 , -30.        ],
       [ 21.8015925 ,  15.03554703, -29.90764435],
       [ 21.7953775 ,  12.10273732, -29.91348223],
       [ 22.58334914,  23.67639981, -24.89734732],
       [-27.65671301, -19.81017483,  22.68855021]])
最小値:64.38037853658898
入力値:[ 15.60392692  23.4225232  -29.29253918]
経過時間:631.1604385375977sec
num_evaluation of BBF = 150.0