w=0.65w=0.4
position_history=[[1.4644051178197444, 6.455680991172585, 3.082901282149315],
 [-1.8723836621192245, 11.753190023462395, 13.90988281503088],
 [2.0413368328179686, 12.767899148779833, -12.868918254063392],
 [8.344702528495514, 11.100364447404576, 14.35855026698292],
 [-11.451767223932004, 4.197630639825714, -10.699401377728607],
 [-14.289114432948063, 3.570296173511413, -15.0],
 [-15.0, 11.22235831836491, -15.0],
 [-7.007610200508147, 5.9099851322982895, -9.962409422344711],
 [0.46356389394410424, 8.823334293155366, -15.0],
 [-10.873697631767545, 4.226033458100807, -10.810340855740927]]
最小値:93.52534832396486
入力値:[-15.          11.22235832 -15.        ]
経過時間:39.575358152389526sec
num_evaluation of BBF = 10.0w=0.7333333333333334w=0.5666666666666667w=0.4
position_history=[[1.4644051178197444, 6.455680991172585, 3.082901282149315],
 [-1.8723836621192245, 11.753190023462395, 13.90988281503088],
 [2.0413368328179686, 12.767899148779833, -12.868918254063392],
 [8.344702528495514, 11.100364447404576, 14.35855026698292],
 [-11.451767223932004, 4.197630639825714, -10.699401377728607],
 [-7.063331636861191, 8.2270106830265, -1.3154900335035435],
 [3.362871681672644, 3.5080199062427084, 13.312442355438726],
 [5.9289358778179455, -13.193235851121905, 5.00300146337003],
 [-5.537149472274484, -4.088676871721322, 2.1059031125363887],
 [-8.73369731715496, -10.160714463450113, 4.593249763961953],
 [4.647490178246999, 5.771264726298479, 15.0],
 [8.183851311938096, 2.2069450027781787, 13.06893008539755],
 [2.218512321391338, 9.865410784509272, 4.269388761012962],
 [3.1380432178380184, 7.014010606410559, 13.675245202006494],
 [-1.3606181513864204, 3.3091681216038182, -4.495144512902997],
 [5.2672443693726425, 7.331461073661415, 15.0],
 [3.629541453691086, 3.3019648270842614, 13.220089221011094],
 [5.034321172584454, 15.0, 11.889483843197837],
 [8.858435034913114, 2.6518725253052677, 15.0],
 [8.450640574969995, 3.4948142892855216, 15.0],
 [6.412162995677507, 3.894071514029797, 15.0],
 [12.648402731453723, -2.549343721952245, 12.764701011735303],
 [3.949808847079188, 5.891428910259202, 7.641023738921687],
 [4.8076276543968905, 3.0348734282475123, 14.415712756192313],
 [5.8492414422926835, 2.793199292602094, 4.7778016796347424],
 [-5.570134439804992, 2.4593782558891055, -0.28063547637455954],
 [3.780654324501537, 3.185200282227808, 13.167755778168768],
 [2.476420965465049, 15.0, 15.0],
 [7.151157063110257, 4.0664877047972805, 15.0],
 [-15.0, -8.245058540444564, 15.0]]
最小値:88.26474267707454
入力値:[ 6.412163    3.89407151 15.        ]
経過時間:123.08725786209106sec
num_evaluation of BBF = 30.0w=0.8w=0.7w=0.6000000000000001w=0.5w=0.4
position_history=[[1.4644051178197444, 6.455680991172585, 3.082901282149315],
 [-1.8723836621192245, 11.753190023462395, 13.90988281503088],
 [2.0413368328179686, 12.767899148779833, -12.868918254063392],
 [8.344702528495514, 11.100364447404576, 14.35855026698292],
 [-11.451767223932004, 4.197630639825714, -10.699401377728607],
 [-7.063331636861191, 8.2270106830265, -1.3154900335035435],
 [3.362871681672644, 3.5080199062427084, 13.312442355438726],
 [5.9289358778179455, -13.193235851121905, 5.00300146337003],
 [-5.537149472274484, -4.088676871721322, 2.1059031125363887],
 [-8.73369731715496, -10.160714463450113, 4.593249763961953],
 [4.653474602646585, 5.761085366210333, 15.0],
 [8.168310181114865, 2.2458416745225325, 13.072782741364604],
 [2.1634628946848764, 9.801439904167982, 4.313738073752688],
 [3.1779310264002483, 7.008874521377616, 13.71264909217802],
 [-1.3013289624464761, 3.3120812311704944, -4.506522920904261],
 [5.276368895888462, 7.267299713719595, 15.0],
 [3.6537841602382173, 3.283232547160766, 13.211693481517672],
 [5.057072888533542, 15.0, 11.840007349551819],
 [8.850248570041424, 2.716989037046498, 15.0],
 [8.417746121975298, 3.490322392333029, 15.0],
 [6.847448728207196, 3.7803524094339793, 15.0],
 [13.973593495206396, -3.7904314449031933, 12.64516118501179],
 [4.048315952441159, 5.508193681078813, 9.849010363650795],
 [4.126667238112019, 2.46663177080429, 14.312288512419453],
 [7.285044331741002, 2.6421080564925865, 5.586661959794022],
 [-3.8973689363082773, 2.298493692367207, 2.9800252223915944],
 [3.8574228952341185, 3.125881395803406, 13.141169269772934],
 [2.3979937400111684, 15.0, 15.0],
 [9.109018930272676, 5.012327913202147, 15.0],
 [15.0, 12.788644459492245, 15.0],
 [8.163833203543563, 2.591912635368167, 15.0],
 [14.803086854649298, 6.887083168585715, 15.0],
 [3.535409260458967, 4.732966434035566, 4.8253836585802095],
 [4.830199819951523, -0.08201942195268552, 15.0],
 [3.7789114299689888, 3.4528750420743584, 6.025593158218281],
 [-4.191897411357514, 0.6985483104871049, 3.3958999335292646],
 [5.615401637237204, 4.076067745619841, 13.788986338547339],
 [9.233111849940062, 9.358522006001921, 15.0],
 [2.0774585799267076, -4.0891673037882255, 15.0],
 [1.074093701188982, 11.087152879970684, 15.0],
 [6.985696957542355, 4.13721595772425, 15.0],
 [2.230853110073989, -0.02007252703638862, 12.184105155859227],
 [9.401620095609154, 12.66240383079341, -13.46954086436824],
 [7.743622843047307, 4.792506753237319, 14.36862206258483],
 [2.066596343822104, 4.414320784002508, 2.085238356161722],
 [10.923056107819175, 8.313261191819432, 9.290176830413355],
 [8.01689736994904, 4.543332236843623, 14.953903940794913],
 [10.277454429427484, -0.5963892886294282, 15.0],
 [1.3547676012531351, -5.108573963428861, 13.272834232367185],
 [15.0, -15.0, 15.0]]
最小値:88.3086423743407
入力値:[ 6.84744873  3.78035241 15.        ]
経過時間:206.12287664413452sec
num_evaluation of BBF = 50.0w=0.85w=0.8w=0.75w=0.7w=0.65w=0.6000000000000001w=0.55w=0.5w=0.45w=0.4
position_history=[[1.4644051178197444, 6.455680991172585, 3.082901282149315],
 [-1.8723836621192245, 11.753190023462395, 13.90988281503088],
 [2.0413368328179686, 12.767899148779833, -12.868918254063392],
 [8.344702528495514, 11.100364447404576, 14.35855026698292],
 [-11.451767223932004, 4.197630639825714, -10.699401377728607],
 [-7.063331636861191, 8.2270106830265, -1.3154900335035435],
 [3.362871681672644, 3.5080199062427084, 13.312442355438726],
 [5.9289358778179455, -13.193235851121905, 5.00300146337003],
 [-5.537149472274484, -4.088676871721322, 2.1059031125363887],
 [-8.73369731715496, -10.160714463450113, 4.593249763961953],
 [4.657962920946275, 5.753450846144223, 15.0],
 [8.156654332997444, 2.2750141783307996, 13.075672233339894],
 [2.122175824655031, 9.753461743912014, 4.347000058307479],
 [3.2078468828219204, 7.00502245760291, 13.740702009806666],
 [-1.2568620707415192, 3.3142660633455017, -4.515056726905208],
 [5.283212290775328, 7.219178693763231, 15.0],
 [3.6719661901485656, 3.2691833372181445, 13.205396676897607],
 [5.074136675495357, 15.0, 11.802899979317303],
 [8.844108721387656, 2.765826420852421, 15.0],
 [8.393075282229276, 3.48695346961866, 15.0],
 [7.17496030187439, 3.69328169297169, 15.0],
 [14.96476687012684, -4.714440319561141, 12.556180529763392],
 [4.1125626317890065, 5.209572355133795, 11.512761461927083],
 [3.622927292396756, 2.039551712841109, 14.241266010369824],
 [8.372272106891732, 2.5292994235846242, 6.191315948513259],
 [-2.6411980165454754, 2.1666020317359633, 5.428265574731318],
 [3.919241796929303, 3.0781140819984936, 13.11976013406471],
 [2.343154871211849, 15.0, 15.0],
 [10.575982699291947, 5.733103459060513, 15.0],
 [15.0, 14.13440894851635, 15.0],
 [9.062708337570475, 2.14815482809229, 15.0],
 [15.0, 5.923509869612219, 15.0],
 [3.929067592402577, 3.921999719662259, 6.6584192016225465],
 [4.109556915333766, -1.4621258823232273, 15.0],
 [4.485218130345673, 3.287896492629772, 6.702594178871267],
 [-4.630721183171683, -0.20167041704371957, -0.716745506614858],
 [5.885850231274054, 3.9166772691091856, 13.753612933009228],
 [9.449939245947943, 14.251920231819362, 15.0],
 [10.463667435981918, 6.2259959119146675, 15.0],
 [4.464730260979135, 13.75359184845551, 15.0],
 [7.750763404292198, 3.8482255236459655, 15.0],
 [4.5318960950777445, 2.4647124186340177, 12.661035144178289],
 [9.730347426189693, 12.656338172070416, -15.0],
 [8.459714546013373, 4.297328873554263, 14.573934871667227],
 [0.28827173648390936, 4.532931895733433, 1.7769713681853903],
 [11.525572058180362, 8.27212871647319, 13.662127395866714],
 [8.855498267195582, 4.497757389156071, 15.0],
 [10.055968229623565, 1.69331948638634, 15.0],
 [7.052641960377798, 4.624327519143826, 15.0],
 [8.777960848775747, -15.0, 15.0],
 [6.65202875147906, 4.810516037125222, 15.0],
 [-1.8520075028517606, 0.43666114500414066, 14.284500393559867],
 [5.329834387669106, 5.3944121744584415, -10.839133819367895],
 [9.341893541189737, 7.239867866350313, 14.678572289482693],
 [-2.0943516923659047, 3.3269706468253064, -4.702298135291396],
 [15.0, 10.356831805322653, 15.0],
 [7.61978889470559, 4.372690064788457, 15.0],
 [7.1220754406150615, -2.6321101553355817, 15.0],
 [4.966644085034968, 2.314427757877467, 15.0],
 [10.981618887206059, -4.484917799472793, 15.0],
 [5.992787959791177, 5.387890345212776, 15.0],
 [15.0, 7.621646695301191, 14.537962998587767],
 [2.845160664645322, 12.091474160804367, 15.0],
 [0.2260047854676337, -5.310507473556296, 14.76205945131269],
 [-2.4269030753702365, 3.861536082739766, 1.6034813800320764],
 [8.113515429891045, 7.5119750412339865, 15.0],
 [6.6855565529347185, 5.125404796261714, 15.0],
 [4.7840855654692, -4.735044298727657, 15.0],
 [6.249461723086164, 2.5069516176836375, 15.0],
 [3.8145060942071876, 15.0, 15.0],
 [6.3529689959877595, 4.591562120368053, 15.0],
 [14.473769148636418, 2.27209613223393, 12.668452215572827],
 [5.607590486406918, 8.57285760931043, 15.0],
 [3.644469964649707, 6.832981013151166, 15.0],
 [3.191707416307274, 0.43206347012043134, 0.3415710822826199],
 [1.754418733622014, 5.363153933763302, 15.0],
 [5.845271504204143, 1.6180639124962042, 15.0],
 [6.761228208289307, -0.5585459145297351, 15.0],
 [6.955011424014322, 2.6128397405770314, 15.0],
 [9.826630176312694, -15.0, 15.0],
 [6.993992900893112, 0.649957832365581, 15.0],
 [-10.148526582737677, -0.01962458262640654, 14.299305359172482],
 [5.720675055394583, 4.604818211685038, -3.5851659734759096],
 [7.545810803637016, 0.07174675025327648, 14.05390832233392],
 [6.273746203100118, 1.7057666268042868, 15.0],
 [9.361234420066388, 5.083974623960453, 15.0],
 [6.9698511768276425, 5.091373816726401, 15.0],
 [7.784484611152005, 4.10450259095112, 15.0],
 [7.307786274478401, 2.6657838020237286, 15.0],
 [11.358950358851983, -15.0, 15.0],
 [6.47336150305156, 9.660265346047511, 15.0],
 [3.697677889094585, 5.616040206509078, 15.0],
 [6.6414749824830235, 3.0040254114409923, 3.435207292746025],
 [7.660292346132042, 5.575916217342299, 14.979230313680892],
 [8.913895736712638, 2.344303661264124, 15.0],
 [11.040998156567278, 5.201592911879644, 15.0],
 [7.4628452189789085, 6.275213146797732, 15.0],
 [8.143623974827229, 3.4948113569362342, 15.0],
 [6.618105288326292, 2.512717801728594, 15.0],
 [8.08064471182176, -5.499180771341589, 15.0]]
最小値:88.30657409471314
入力値:[ 6.95501142  2.61283974 15.        ]
経過時間:413.2903325557709sec
num_evaluation of BBF = 100.0w=0.8666666666666667w=0.8333333333333334w=0.8w=0.7666666666666667w=0.7333333333333334w=0.7w=0.6666666666666667w=0.6333333333333333w=0.6000000000000001w=0.5666666666666667w=0.5333333333333334w=0.5w=0.4666666666666667w=0.43333333333333335w=0.4
position_history=[[1.4644051178197444, 6.455680991172585, 3.082901282149315],
 [-1.8723836621192245, 11.753190023462395, 13.90988281503088],
 [2.0413368328179686, 12.767899148779833, -12.868918254063392],
 [8.344702528495514, 11.100364447404576, 14.35855026698292],
 [-11.451767223932004, 4.197630639825714, -10.699401377728607],
 [-7.063331636861191, 8.2270106830265, -1.3154900335035435],
 [3.362871681672644, 3.5080199062427084, 13.312442355438726],
 [5.9289358778179455, -13.193235851121905, 5.00300146337003],
 [-5.537149472274484, -4.088676871721322, 2.1059031125363887],
 [-8.73369731715496, -10.160714463450113, 4.593249763961953],
 [4.6594590270461715, 5.750906006122186, 15.0],
 [8.152769050291637, 2.284738346266888, 13.076635397331657],
 [2.1084134679784157, 9.73746902382669, 4.358087386492411],
 [3.217818834962478, 7.0037384363446735, 13.75005298234955],
 [-1.2420397735065318, 3.3149943407371705, -4.517901328905524],
 [5.285493422404283, 7.203138353777776, 15.0],
 [3.6780268667853484, 3.264500267237271, 13.203297742024251],
 [5.079824604482629, 15.0, 11.790530855905798],
 [8.842062105169733, 2.7821055487877286, 15.0],
 [8.384851668980602, 3.4858304953805366, 15.0],
 [7.28433030724344, 3.663918808814656, 15.0],
 [15.0, -5.021146722055645, 12.526648733212825],
 [4.1321432106814076, 5.107899550474079, 12.068823471777165],
 [3.4563435707770758, 1.8970204906856187, 14.218838639358998],
 [8.736657671573306, 2.49179364960086, 6.392487997819631],
 [-2.2221702257406797, 2.1204994328608224, 6.244868516609342],
 [3.940656187712602, 3.0615672347327396, 13.112343897512188],
 [2.3256336388103787, 15.0, 15.0],
 [11.06469774013598, 5.975532524738009, 15.0],
 [15.0, 14.58284738162597, 15.0],
 [9.384227331401256, 1.9943290509686318, 15.0],
 [15.0, 5.538017408396458, 15.0],
 [6.116964545638301, 0.14966548946679126, 15.0],
 [3.8361030493384978, -1.9507073443872023, 15.0],
 [4.788415833881049, 3.2251186763020714, 6.969640831999988],
 [-4.6933869724298125, -0.5097093742562304, -1.9248783834281493],
 [5.980030489288095, 3.8606303419257593, 13.740414468122975],
 [9.51772764793036, 15.0, 15.0],
 [11.274180015114322, 6.566856596459592, 15.0],
 [5.708378101171004, 14.732116126345314, 15.0],
 [8.064836475920707, 3.7200376744092996, 15.0],
 [5.36756136810399, 3.3172911603626614, 12.815363399979987],
 [9.884524088755537, -1.5982864590988286, 15.0],
 [8.67112582541967, 4.042481616470484, 14.649060685722517],
 [-0.43172199097206754, 4.568051809765618, 1.6858653841905022],
 [11.405389408035372, 8.193570586660263, 14.309165971805557],
 [9.155343700736394, 4.468037705607088, 15.0],
 [10.679035285222634, 1.3364707722218636, 15.0],
 [7.297254945598384, 4.745572280946231, 15.0],
 [6.057443203455773, -15.0, 15.0],
 [6.763868079149641, 4.933852960805178, 15.0],
 [-1.3913760461971334, 1.7508763565757932, 14.14965703378243],
 [6.323330319218111, 6.241759970909154, 15.0],
 [10.118492308281184, 7.854524243464498, 14.61177699188344],
 [-2.5916378104323146, 3.416438583475777, -5.389093797814615],
 [15.0, 11.189489201695814, 15.0],
 [8.030523705015352, 4.391205141197512, 15.0],
 [7.609485039114328, -4.217388170753266, 15.0],
 [4.366983427527159, 1.9359026329449147, 15.0],
 [6.772601234083399, -9.785568834790112, 15.0],
 [7.082604277840945, 2.529782873561106, 15.0],
 [15.0, 5.27980628216504, 14.617311188950561],
 [4.711037495563592, 8.68286585687983, 15.0],
 [0.38709357086125706, -8.435848304706193, 14.76641920026627],
 [-2.8648766545587048, 2.8201885195701895, 0.20710218239837097],
 [10.179563033596398, 7.71823070424443, 15.0],
 [6.334850449049018, 2.536616217361513, 13.007680729418109],
 [7.849356247482717, -3.9548461857783135, 15.0],
 [6.119175362892208, 1.2267021549508437, 15.0],
 [8.253106710206959, 15.0, 15.0],
 [7.295095076968481, 0.9270694820650578, 15.0],
 [15.0, 3.0225945271477412, 12.937419692804692],
 [8.355065083608043, 2.496868945242685, 15.0],
 [2.1013179248905516, 7.46249654110423, 15.0],
 [3.39148877741133, 3.002016026647162, 1.1886532772267477],
 [2.9532157691178735, 5.702551928935549, 15.0],
 [5.138460559577597, 2.011410741574623, 13.182539339641805],
 [7.694948785498948, 4.058205950986416, 15.0],
 [11.31983070907659, 7.172427384843613, 15.0],
 [4.823550524695016, -15.0, 15.0],
 [7.089562175466234, 3.202949891870606, 15.0],
 [-8.237182082673701, 1.3541203783793443, 14.006329076158487],
 [8.926903683240822, 2.023548416933085, 15.0],
 [7.520529339751807, 2.570806271516542, 14.101834281083852],
 [7.543600385979172, 2.9982799844897237, 15.0],
 [11.57260132130861, 5.358439408665221, 15.0],
 [5.97818541220377, 4.4259784666767015, 13.637363430240024],
 [7.487554406676731, 7.892235744937531, 15.0],
 [10.079705749903177, 6.843586159590702, 15.0],
 [2.663711684854133, -15.0, 15.0],
 [6.966242434564887, 4.568478137753935, 15.0],
 [0.45745575753682033, 5.380751083885082, 15.0],
 [6.506341152212565, 5.753197328936112, 15.0],
 [10.33874390695199, 0.8019048946423049, 14.535434189398709],
 [9.199634268187328, 3.0107884353466305, 15.0],
 [15.0, 1.3311310636315614, 15.0],
 [7.463968333891448, 5.506456106176559, 15.0],
 [7.417118435343697, 1.3756408017681814, 15.0],
 [2.517325437880695, -3.442327754828332, 15.0],
 [4.946883943214614, -7.524096022118251, 15.0],
 [6.981996349387727, 3.0327249934813265, 15.0],
 [15.0, 5.19727837681444, 14.53914980802842],
 [5.598066024452092, 2.769852759905873, 15.0],
 [1.5257054176551677, 6.328038474948399, 14.786439349737007],
 [7.561074229058369, 3.10245180039291, 15.0],
 [11.68099925303099, 5.676466094047956, 15.0],
 [7.569510306595765, 4.276835403501349, 15.0],
 [6.894588191705997, 1.7131070126504708, 15.0],
 [11.647452076887946, -4.537360892197121, 15.0],
 [8.027841910394574, 8.267231429613137, 15.0],
 [6.990398437293242, 2.2136566498692685, 15.0],
 [4.251797706412754, 3.2953704463030107, 13.562851166301249],
 [6.606410248389121, 5.725540582067001, 15.0],
 [1.8726425027717404, 5.054298337814373, 14.211211957492623],
 [5.66067658870209, 2.94743706448353, 15.0],
 [8.032278203837572, 7.5594572190716836, 15.0],
 [7.531172006621465, 3.4087652803271102, 15.0],
 [6.627374196254771, 4.1530038781624405, 15.0],
 [10.216323939274009, 12.260413574173334, 15.0],
 [8.10011417753754, 6.982280390499223, 15.0],
 [6.967940058489978, 4.064616034750211, 15.0],
 [1.6837514521445849, 2.2293330453560536, 13.937575530760533],
 [7.198755174400814, 6.3425167327417356, 15.0],
 [15.0, 4.069264740387822, 15.0],
 [5.504336414004063, 2.9636612282024632, 15.0],
 [5.426678653456197, 8.488428671544067, 15.0],
 [7.048090888144651, 4.212912358661584, 15.0],
 [7.179001773353585, 3.5987003887826923, 15.0],
 [2.1020669715582034, 11.978721163191477, 15.0],
 [7.825250977982592, 2.96764003117803, 15.0],
 [6.989008320534296, 4.561512704797613, 15.0],
 [7.598313095616538, 3.157081119573468, 15.0],
 [6.261834967132066, 2.947116343136873, 15.0],
 [0.5723303945150082, 0.9160456202969334, 14.818856621408738],
 [6.597725387614921, 3.0279778546581797, 15.0],
 [9.336754094412008, 4.315484259017257, 15.0],
 [6.7664195712079875, 4.438170271075381, 15.0],
 [6.091410858971269, 3.3986716708910993, 15.0],
 [7.441589732286604, -7.259726818794494, 15.0],
 [7.01896484754552, 3.4683387694564702, 15.0],
 [7.030609175738832, 2.434360235560252, 15.0],
 [10.155319086144456, 3.9912291679976577, 15.0],
 [6.0683111103898435, 1.8500089543350238, 15.0],
 [14.889664070055007, 5.402428971613274, 14.30686153110826],
 [7.8288830461562995, 3.219238054918513, 15.0],
 [8.17233387041625, 3.9554697622619077, 15.0],
 [7.348380269692479, 2.696665080561422, 15.0],
 [5.882631273034369, 3.4326483764264566, 15.0],
 [9.089927868689296, 5.858230701025299, 15.0],
 [6.6695741910227895, 3.6853082227104608, 15.0]]
最小値:88.22888602571766
入力値:[ 7.01896485  3.46833877 15.        ]
経過時間:687.4262585639954sec
num_evaluation of BBF = 150.0w=0.65w=0.4
position_history=[[-2.4893398589227793, 6.609734803264743, -14.996568755479654],
 [-9.412193658669873, -4.633178188708568, -3.096975773079901],
 [-8.866432508054476, 11.343523091728361, -14.178372204062216],
 [-10.788391842142987, -9.056955327453636, 9.0223370602661],
 [11.291674568881149, 11.83819990511542, -12.448673658906664],
 [-11.502067553582023, 14.052399923084714, -15.0],
 [-9.05562103288102, 15.0, -5.143967024312192],
 [-8.644824744822554, 11.236019334805626, -14.102075427082738],
 [-8.290084549975322, -7.1222609957393725, -15.0],
 [6.566709039147174, 10.99933165731253, -14.35929428960336]]
最小値:90.92364239932067
入力値:[ -8.29008455  -7.122261   -15.        ]
経過時間:41.653645277023315sec
num_evaluation of BBF = 10.0w=0.7333333333333334w=0.5666666666666667w=0.4
position_history=[[-2.4893398589227793, 6.609734803264743, -14.996568755479654],
 [-9.412193658669873, -4.633178188708568, -3.096975773079901],
 [-8.866432508054476, 11.343523091728361, -14.178372204062216],
 [-10.788391842142987, -9.056955327453636, 9.0223370602661],
 [11.291674568881149, 11.83819990511542, -12.448673658906664],
 [-12.049594985008497, -2.3667712498484352, 13.736685904515056],
 [5.59502783044751, 10.038770156921188, -14.451351679674246],
 [-6.586680238067844, 8.678379853544655, -11.903219802670739],
 [-6.3667398424095385, -11.09914283645167, -14.418991263891087],
 [-0.25280522158985086, -13.399123646487588, 2.223528164760392],
 [-11.24541199085761, 10.966395540167948, -14.04874380614139],
 [-9.203239209740115, 15.0, -11.638949869942975],
 [-8.616413493126153, 11.222236801866813, -14.092293789008446],
 [-9.064027335537286, 15.0, -10.559628239734142],
 [5.989498365406783, 10.414570545458545, -13.450489379333025],
 [-6.249744982443112, 13.64527775728237, 13.30585813825977],
 [-15.0, 11.688063956412947, -13.591352488437447],
 [-9.813250698415132, 14.593669760414922, -12.99012089456048],
 [-6.4344080228003095, 15.0, -14.400062204088652],
 [-1.1134167716633934, -11.971083814411928, 1.5879467001744034],
 [-13.576881909081877, 14.070276055294046, -13.543835777323398],
 [-8.706914213292947, 15.0, -15.0],
 [-9.023035815884835, 11.53052071793348, -14.2060494349456],
 [-8.069281006950549, 15.0, -15.0],
 [0.8464420026362784, 11.404954861053533, -14.845206092145787],
 [-6.344059620173782, 11.961976572589528, -15.0],
 [-15.0, 12.051428184248895, -13.288098893198372],
 [-10.493473098655349, 14.247966167859692, -14.360244110225366],
 [-9.152592443025553, 15.0, -14.092611256532615],
 [-11.365516132876705, -1.3616123967989537, -15.0]]
最小値:91.05031922827038
入力値:[ -8.86643251  11.34352309 -14.1783722 ]
経過時間:126.07314825057983sec
num_evaluation of BBF = 30.0w=0.8w=0.7w=0.6000000000000001w=0.5w=0.4
position_history=[[-2.4893398589227793, 6.609734803264743, -14.996568755479654],
 [-9.412193658669873, -4.633178188708568, -3.096975773079901],
 [-8.866432508054476, 11.343523091728361, -14.178372204062216],
 [-10.788391842142987, -9.056955327453636, 9.0223370602661],
 [11.291674568881149, 11.83819990511542, -12.448673658906664],
 [-12.049594985008497, -2.3667712498484352, 13.736685904515056],
 [5.59502783044751, 10.038770156921188, -14.451351679674246],
 [-6.586680238067844, 8.678379853544655, -11.903219802670739],
 [-6.3667398424095385, -11.09914283645167, -14.418991263891087],
 [-0.25280522158985086, -13.399123646487588, 2.223528164760392],
 [-11.271767647840031, 10.91929632561023, -14.103098660172217],
 [-9.198063645206334, 15.0, -11.614253936556741],
 [-8.593684491769032, 11.211210775515765, -14.084468478549013],
 [-9.0015924587747, 15.0, -10.533985224311568],
 [5.928039003171168, 10.370547934733821, -13.40007037887577],
 [-6.245322944446711, 13.670861372475764, 13.281260222393911],
 [-15.0, 11.753245434933811, -13.558263734520136],
 [-9.820198228258345, 14.648149160827334, -13.017639008110656],
 [-6.41056328507499, 15.0, -14.431322649505688],
 [-1.1605196283426187, -11.959176409491489, 1.6145811481771941],
 [-14.7600228373248, 14.65041347612663, -13.496363524428302],
 [-8.676062456605203, 15.0, -15.0],
 [-9.000906078061657, 11.529878859972264, -14.196045050108994],
 [-7.738789630999693, 15.0, -15.0],
 [0.04385124635998494, 11.225463233544936, -14.950355335657251],
 [-5.566755155902845, 14.097751250361583, -15.0],
 [-15.0, 12.274074136270125, -13.12755751645496],
 [-10.92706831004247, 15.0, -14.534478619213395],
 [-9.147353244514807, 15.0, -14.101389102427095],
 [-11.501016208944588, -1.1559697515704048, -15.0],
 [-14.108738663432192, 10.717297432385505, -14.824527591465849],
 [-8.642730833944272, 15.0, -15.0],
 [-8.828707032115123, 11.36217046741052, -14.221122670364974],
 [-7.860686776030278, 15.0, -15.0],
 [-10.523568925421134, 11.965857687833841, -15.0],
 [-5.301664307722016, 9.132032678530635, -15.0],
 [-15.0, 10.896490404918506, -13.879686154153676],
 [-8.109810276417576, 8.63040135036086, -15.0],
 [-10.513982458925375, 15.0, -13.905820573640852],
 [-15.0, 15.0, -15.0],
 [-12.835127859068812, 12.66819018133172, -14.843851317662041],
 [-13.475346845245967, 15.0, -15.0],
 [-12.267357307188549, 15.0, -15.0],
 [-15.0, 15.0, -15.0],
 [-15.0, 14.262031034246824, -15.0],
 [-9.248822984219206, 15.0, -15.0],
 [-15.0, 13.933188851324669, -14.240180156039303],
 [-15.0, 15.0, -14.544439299593826],
 [-14.271913970550917, 15.0, -14.635070032736675],
 [-15.0, 15.0, -15.0]]
最小値:89.73505932553962
入力値:[-15.  15. -15.]
経過時間:207.27418756484985sec
num_evaluation of BBF = 50.0w=0.85w=0.8w=0.75w=0.7w=0.65w=0.6000000000000001w=0.55w=0.5w=0.45w=0.4
position_history=[[-2.4893398589227793, 6.609734803264743, -14.996568755479654],
 [-9.412193658669873, -4.633178188708568, -3.096975773079901],
 [-8.866432508054476, 11.343523091728361, -14.178372204062216],
 [-10.788391842142987, -9.056955327453636, 9.0223370602661],
 [11.291674568881149, 11.83819990511542, -12.448673658906664],
 [-12.049594985008497, -2.3667712498484352, 13.736685904515056],
 [5.59502783044751, 10.038770156921188, -14.451351679674246],
 [-6.586680238067844, 8.678379853544655, -11.903219802670739],
 [-6.3667398424095385, -11.09914283645167, -14.418991263891087],
 [-0.25280522158985086, -13.399123646487588, 2.223528164760392],
 [-11.291534390576848, 10.88397191469194, -14.143864800695338],
 [-9.194181971806, 15.0, -11.595731986517064],
 [-8.576637740751192, 11.202941255752478, -14.078599495704438],
 [-8.954766301202762, 15.0, -10.514752962744637],
 [5.881944481494456, 10.337530976690278, -13.36225612853283],
 [-6.242006415949409, 13.690049083870813, 13.262811785494518],
 [-15.0, 11.802131543824462, -13.533447169082152],
 [-9.825408875640754, 14.689008711136644, -13.038277593273287],
 [-6.392679731781001, 15.0, -14.454767983568466],
 [-1.1958467708520377, -11.95024585580116, 1.6345569841792873],
 [-15.0, 15.0, -13.470271434212375],
 [-8.652017915295984, 15.0, -15.0],
 [-8.980331199456778, 11.527467911889918, -14.18717233215114],
 [-7.4799949956031, 15.0, -15.0],
 [-0.5688472092384709, 11.08314055603666, -15.0],
 [-4.9830029510502705, 15.0, -15.0],
 [-15.0, 12.4524653590272, -13.001360951961873],
 [-11.253480536305375, 15.0, -14.669970170825698],
 [-9.139251016529819, 15.0, -14.113443064795936],
 [-11.610884265914365, -0.9996539717879145, -15.0],
 [-15.0, 15.0, -15.0],
 [-12.069888127856942, 15.0, -15.0],
 [-11.874859121677709, 15.0, -15.0],
 [-9.317293456552031, 15.0, -15.0],
 [-13.845143245066136, 15.0, -15.0],
 [-4.308691970373594, 15.0, -15.0],
 [-15.0, 15.0, -14.106130704873442],
 [-12.32453428180384, 15.0, -15.0],
 [-13.272196419485443, 15.0, -13.874738753495478],
 [-15.0, 15.0, -15.0],
 [-15.0, 15.0, -15.0],
 [-15.0, 15.0, -15.0],
 [-15.0, 15.0, -15.0],
 [-15.0, 15.0, -15.0],
 [-15.0, 15.0, -15.0],
 [-8.6628588873074, 15.0, -15.0],
 [-15.0, 15.0, -15.0],
 [-15.0, 15.0, -15.0],
 [-15.0, 15.0, -14.558172601815029],
 [-15.0, 15.0, -15.0],
 [-15.0, 15.0, -15.0],
 [-15.0, 15.0, -15.0],
 [-15.0, 15.0, -15.0],
 [-15.0, 15.0, -15.0],
 [-15.0, 15.0, -15.0],
 [-15.0, 15.0, -15.0],
 [-15.0, 15.0, -15.0],
 [-15.0, 15.0, -15.0],
 [-15.0, 15.0, -15.0],
 [-15.0, 15.0, -15.0],
 [-15.0, 15.0, -15.0],
 [-15.0, 15.0, -15.0],
 [-15.0, 15.0, -15.0],
 [-15.0, 15.0, -15.0],
 [-15.0, 15.0, -15.0],
 [-15.0, 15.0, -15.0],
 [-15.0, 15.0, -15.0],
 [-15.0, 15.0, -15.0],
 [-15.0, 15.0, -15.0],
 [-15.0, 15.0, -15.0],
 [-15.0, 15.0, -15.0],
 [-15.0, 15.0, -15.0],
 [-15.0, 15.0, -15.0],
 [-15.0, 15.0, -15.0],
 [-15.0, 15.0, -15.0],
 [-15.0, 15.0, -15.0],
 [-15.0, 15.0, -15.0],
 [-15.0, 15.0, -15.0],
 [-15.0, 15.0, -15.0],
 [-15.0, 15.0, -15.0],
 [-15.0, 15.0, -15.0],
 [-15.0, 15.0, -15.0],
 [-15.0, 15.0, -15.0],
 [-15.0, 15.0, -15.0],
 [-15.0, 15.0, -15.0],
 [-15.0, 15.0, -15.0],
 [-15.0, 15.0, -15.0],
 [-15.0, 15.0, -15.0],
 [-15.0, 15.0, -15.0],
 [-15.0, 15.0, -15.0],
 [-15.0, 15.0, -15.0],
 [-15.0, 15.0, -15.0],
 [-15.0, 15.0, -15.0],
 [-15.0, 15.0, -15.0],
 [-15.0, 15.0, -15.0],
 [-15.0, 15.0, -15.0],
 [-15.0, 15.0, -15.0],
 [-15.0, 15.0, -15.0],
 [-15.0, 15.0, -15.0],
 [-15.0, 15.0, -15.0]]
最小値:89.73505932553962
入力値:[-15.  15. -15.]
経過時間:417.19642639160156sec
num_evaluation of BBF = 100.0w=0.8666666666666667w=0.8333333333333334w=0.8w=0.7666666666666667w=0.7333333333333334w=0.7w=0.6666666666666667w=0.6333333333333333w=0.6000000000000001w=0.5666666666666667w=0.5333333333333334w=0.5w=0.4666666666666667w=0.43333333333333335w=0.4
position_history=[[-2.4893398589227793, 6.609734803264743, -14.996568755479654],
 [-9.412193658669873, -4.633178188708568, -3.096975773079901],
 [-8.866432508054476, 11.343523091728361, -14.178372204062216],
 [-10.788391842142987, -9.056955327453636, 9.0223370602661],
 [11.291674568881149, 11.83819990511542, -12.448673658906664],
 [-12.049594985008497, -2.3667712498484352, 13.736685904515056],
 [5.59502783044751, 10.038770156921188, -14.451351679674246],
 [-6.586680238067844, 8.678379853544655, -11.903219802670739],
 [-6.3667398424095385, -11.09914283645167, -14.418991263891087],
 [-0.25280522158985086, -13.399123646487588, 2.223528164760392],
 [-11.298123304822452, 10.872197111052511, -14.157453514203045],
 [-9.192888080672553, 15.0, -11.589558003170506],
 [-8.570955490411912, 11.200184749164714, -14.076643168089578],
 [-8.939157582012115, 15.0, -10.50834220888899],
 [5.866579640935552, 10.326525324009097, -13.349651378418514],
 [-6.2409009064503085, 13.696444987669162, 13.256662306528053],
 [-15.0, 11.818426913454678, -13.525174980602824],
 [-9.827145758101558, 14.702628561239747, -13.045157121660832],
 [-6.3867185473496715, 15.0, -14.462583094922726],
 [-1.207622485021844, -11.947269004571051, 1.641215596179985],
 [-15.0, 15.0, -13.46338589927476],
 [-8.643830549375117, 15.0, -15.0],
 [-8.972715273209914, 11.526296728317437, -14.183953915816542],
 [-7.391648954578815, 15.0, -15.0],
 [-0.7751286731791414, 11.034232243176412, -15.0],
 [-4.788271481499532, 15.0, -15.0],
 [-15.0, 12.51410181589692, -12.958192472000267],
 [-11.362516196054449, 15.0, -14.716051291814804],
 [-9.135755449277312, 15.0, -14.118503067099452],
 [-11.649077046793598, -0.9471517983630697, -15.0],
 [-15.0, 15.0, -15.0],
 [-12.201411091848012, 15.0, -15.0],
 [-12.24207807295451, 15.0, -15.0],
 [-9.250979764644711, 15.0, -15.0],
 [-14.449897599180066, 15.0, -15.0],
 [-3.9091866161503495, 15.0, -15.0],
 [-15.0, 15.0, -14.09315167280364],
 [-12.59081254641676, 15.0, -15.0],
 [-13.518339571097968, 15.0, -13.861802807299664],
 [-15.0, 15.0, -15.0],
 [-15.0, 15.0, -15.0],
 [-15.0, 15.0, -15.0],
 [-15.0, 15.0, -15.0],
 [-15.0, 15.0, -15.0],
 [-15.0, 15.0, -15.0],
 [-8.396272433383372, 15.0, -15.0],
 [-15.0, 15.0, -15.0],
 [-15.0, 15.0, -15.0],
 [-15.0, 15.0, -14.525303754716138],
 [-15.0, 15.0, -15.0],
 [-15.0, 15.0, -15.0],
 [-15.0, 15.0, -15.0],
 [-15.0, 15.0, -15.0],
 [-15.0, 15.0, -15.0],
 [-15.0, 15.0, -15.0],
 [-15.0, 15.0, -15.0],
 [-15.0, 15.0, -15.0],
 [-15.0, 15.0, -15.0],
 [-15.0, 15.0, -15.0],
 [-15.0, 15.0, -15.0],
 [-15.0, 15.0, -15.0],
 [-15.0, 15.0, -15.0],
 [-15.0, 15.0, -15.0],
 [-15.0, 15.0, -15.0],
 [-15.0, 15.0, -15.0],
 [-15.0, 15.0, -15.0],
 [-15.0, 15.0, -15.0],
 [-15.0, 15.0, -15.0],
 [-15.0, 15.0, -15.0],
 [-15.0, 15.0, -15.0],
 [-15.0, 15.0, -15.0],
 [-15.0, 15.0, -15.0],
 [-15.0, 15.0, -15.0],
 [-15.0, 15.0, -15.0],
 [-15.0, 15.0, -15.0],
 [-15.0, 15.0, -15.0],
 [-15.0, 15.0, -15.0],
 [-15.0, 15.0, -15.0],
 [-15.0, 15.0, -15.0],
 [-15.0, 15.0, -15.0],
 [-15.0, 15.0, -15.0],
 [-15.0, 15.0, -15.0],
 [-15.0, 15.0, -15.0],
 [-15.0, 15.0, -15.0],
 [-15.0, 15.0, -15.0],
 [-15.0, 15.0, -15.0],
 [-15.0, 15.0, -15.0],
 [-15.0, 15.0, -15.0],
 [-15.0, 15.0, -15.0],
 [-15.0, 15.0, -15.0],
 [-15.0, 15.0, -15.0],
 [-15.0, 15.0, -15.0],
 [-15.0, 15.0, -15.0],
 [-15.0, 15.0, -15.0],
 [-15.0, 15.0, -15.0],
 [-15.0, 15.0, -15.0],
 [-15.0, 15.0, -15.0],
 [-15.0, 15.0, -15.0],
 [-15.0, 15.0, -15.0],
 [-15.0, 15.0, -15.0],
 [-15.0, 15.0, -15.0],
 [-15.0, 15.0, -15.0],
 [-15.0, 15.0, -15.0],
 [-15.0, 15.0, -15.0],
 [-15.0, 15.0, -15.0],
 [-15.0, 15.0, -15.0],
 [-15.0, 15.0, -15.0],
 [-15.0, 15.0, -15.0],
 [-15.0, 15.0, -15.0],
 [-15.0, 15.0, -15.0],
 [-15.0, 15.0, -15.0],
 [-15.0, 15.0, -15.0],
 [-15.0, 15.0, -15.0],
 [-15.0, 15.0, -15.0],
 [-15.0, 15.0, -15.0],
 [-15.0, 15.0, -15.0],
 [-15.0, 15.0, -15.0],
 [-15.0, 15.0, -15.0],
 [-15.0, 15.0, -15.0],
 [-15.0, 15.0, -15.0],
 [-15.0, 15.0, -15.0],
 [-15.0, 15.0, -15.0],
 [-15.0, 15.0, -15.0],
 [-15.0, 15.0, -15.0],
 [-15.0, 15.0, -15.0],
 [-15.0, 15.0, -15.0],
 [-15.0, 15.0, -15.0],
 [-15.0, 15.0, -15.0],
 [-15.0, 15.0, -15.0],
 [-15.0, 15.0, -15.0],
 [-15.0, 15.0, -15.0],
 [-15.0, 15.0, -15.0],
 [-15.0, 15.0, -15.0],
 [-15.0, 15.0, -15.0],
 [-15.0, 15.0, -15.0],
 [-15.0, 15.0, -15.0],
 [-15.0, 15.0, -15.0],
 [-15.0, 15.0, -15.0],
 [-15.0, 15.0, -15.0],
 [-15.0, 15.0, -15.0],
 [-15.0, 15.0, -15.0],
 [-15.0, 15.0, -15.0],
 [-15.0, 15.0, -15.0],
 [-15.0, 15.0, -15.0],
 [-15.0, 15.0, -15.0],
 [-15.0, 15.0, -15.0],
 [-15.0, 15.0, -15.0],
 [-15.0, 15.0, -15.0],
 [-15.0, 15.0, -15.0],
 [-15.0, 15.0, -15.0]]
最小値:89.73505932553962
入力値:[-15.  15. -15.]
経過時間:627.7462248802185sec
num_evaluation of BBF = 150.0