
BO_ratio_matrix = 
[[96.91396465 94.21799355]
 [91.46275641 94.34926014]
 [91.50824668 92.98634566]
 [91.50610346 92.98634566]
 [91.4256006  92.98634566]]
RS_ratio_matrix = 
[[92.91829139 88.00195246]
 [88.83210106 66.71301248]
 [88.61533275 66.71301248]
 [85.6594944  66.71301248]
 [84.94401641 66.71301248]]
BO_time_matrix = 
[[ 39.57535815  41.65364528]
 [123.08725786 126.07314825]
 [206.12287664 207.27418756]
 [413.29033256 417.19642639]
 [687.42625856 627.74622488]]
RS_time_matrix = 
[[ 39.83018303  42.09741235]
 [127.35027838 124.99894857]
 [205.96560955 206.46686697]
 [412.10465956 417.74153996]
 [637.95137024 631.16043854]]
Mean Accumulated PREC(%) 2 times; BBF=[ 10.  30.  50. 100. 150.]
BO_vec=array([95.5659791 , 92.90600828, 92.24729617, 92.24622456, 92.20597313])
RS_vec=array([90.46012192, 77.77255677, 77.66417261, 76.18625344, 75.82851444])
Median Accumulated PREC(%) 2 times; BBF=[ 10.  30.  50. 100. 150.]
BO_vec=array([95.5659791 , 92.90600828, 92.24729617, 92.24622456, 92.20597313])
RS_vec=array([90.46012192, 77.77255677, 77.66417261, 76.18625344, 75.82851444])
Min Accumulated PREC(%) 2 times; BBF=[ 10.  30.  50. 100. 150.]
BO_vec=array([94.21799355, 91.46275641, 91.50824668, 91.50610346, 91.4256006 ])
RS_vec=array([88.00195246, 66.71301248, 66.71301248, 66.71301248, 66.71301248])
Max Accumulated PREC(%) 2 times; BBF=[ 10.  30.  50. 100. 150.]
BO_vec=array([96.91396465, 94.34926014, 92.98634566, 92.98634566, 92.98634566])
RS_vec=array([92.91829139, 88.83210106, 88.61533275, 85.6594944 , 84.94401641])