
BO_ratio_matrix = 
[[91.80122956 91.34044437 98.70911913 89.91677516 92.90670788 93.06086667
  89.60592397 89.60592397 91.13758818 91.56027384]
 [89.18197289 89.60592397 89.1493079  89.2447705  89.60592397 89.60592397
  88.98248949 88.65000204 89.60592397 91.34044437]
 [88.57820642 89.60592397 89.1493079  89.2447705  89.60592397 89.09229421
  88.98248949 88.65000204 89.60592397 89.60592397]
 [88.57820642 89.25222109 89.1493079  89.2447705  88.91679284 88.85526335
  88.98248949 88.65000204 89.2182477  89.26735327]
 [88.57820642 88.9222011  89.1493079  88.72236541 88.91679284 88.62790322
  88.98248949 88.65000204 88.49987131 89.26735327]
 [88.57820642 88.9222011  89.01443439 88.72236541 88.91679284 88.62790322
  88.87143781 88.65000204 88.49987131 89.13201509]]
RS_ratio_matrix = 
[[93.07553786 98.43855883 98.49472236 92.86078438 99.47386763 98.35727277
  95.9145973  98.11040828 98.87234767 96.85995007]
 [93.07553786 93.2868238  98.49472236 91.97460245 99.04431612 94.9556543
  95.9145973  93.65175362 93.96826727 96.85995007]
 [93.07553786 90.65283066 98.49472236 91.97460245 98.10079472 94.9556543
  95.9145973  93.08913938 93.60540788 96.85995007]
 [91.61902034 90.65283066 91.9926437  91.97460245 92.70163718 93.39312891
  91.51940903 92.65409795 93.60540788 91.85863588]
 [91.61902034 90.65283066 91.9926437  91.97460245 92.70163718 91.54967041
  91.51940903 92.65409795 93.60540788 91.85863588]
 [91.61902034 90.65283066 91.9926437  91.97460245 91.76018651 91.54967041
  91.51940903 91.03492231 93.60540788 91.77556573]]
Mean Accumulated PREC(%) 10 times; BBF=[ 10.  30.  50. 100. 150. 200.]
BO_vec=array([91.96448527, 89.49726831, 89.21207665, 89.01146546, 88.8316493 ,
       88.79352296])
RS_vec=array([97.04580471, 95.12262252, 94.6723237 , 92.1971414 , 92.01279555,
       91.7484259 ])
Median Accumulated PREC(%) 10 times; BBF=[ 10.  30.  50. 100. 150. 200.]
BO_vec=array([91.4503591 , 89.42534724, 89.1970392 , 89.0658987 , 88.81957913,
       88.79690161])
RS_vec=array([98.23384053, 94.46196079, 94.28053109, 91.98362308, 91.91661917,
       91.68960343])
Min Accumulated PREC(%) 10 times; BBF=[ 10.  30.  50. 100. 150. 200.]
BO_vec=array([89.60592397, 88.65000204, 88.57820642, 88.57820642, 88.49987131,
       88.49987131])
RS_vec=array([92.86078438, 91.97460245, 90.65283066, 90.65283066, 90.65283066,
       90.65283066])
Max Accumulated PREC(%) 10 times; BBF=[ 10.  30.  50. 100. 150. 200.]
BO_vec=array([98.70911913, 91.34044437, 89.60592397, 89.26735327, 89.26735327,
       89.13201509])
RS_vec=array([99.47386763, 99.04431612, 98.49472236, 93.60540788, 93.60540788,
       93.60540788])