
BO_ratio_matrix = 
[[96.91396465 94.21799355 96.65762205 94.4155566  90.70432325 95.40730775
  99.98226249 95.31482106 96.58292166 93.80397421]
 [91.46275641 94.34926014 94.91600032 93.34518377 90.7923104  92.98634566
  98.62389571 94.50862927 93.40688055 92.30697315]
 [91.50824668 92.98634566 93.64688867 93.30521691 90.63193445 92.98181209
  95.00029661 94.25492943 93.30594484 92.52124555]
 [91.50610346 92.98634566 93.30517448 93.30226875 90.204032   92.98634566
  93.30516841 94.23838932 93.30395658 91.51576224]
 [91.4256006  92.98634566 93.30223392 93.30227207 89.54184767 92.98634566
  93.30437789 94.23824462 93.30225743 86.86769517]
 [91.32409661 92.98634566 93.30213424 93.30217928 90.4324335  92.98634566
  93.30208504 94.23824785 93.30227086 91.42973767]]
RS_ratio_matrix = 
[[96.68458929 94.34926014 98.7530601  94.4155566  92.25003137 95.40730775
  97.82778507 97.55655019 99.73151911 95.21923767]
 [96.29669124 94.34926014 95.46070231 94.4155566  92.25003137 94.06861878
  97.82778507 95.51009536 96.33102754 92.25059693]
 [94.75519141 94.34926014 95.30460083 94.4155566  92.25003137 94.06861878
  97.82778507 93.2023953  96.20144835 92.25059693]
 [94.62014215 94.18692331 94.92073908 94.4155566  90.52940756 94.06861878
  97.82778507 93.19823604 96.20144835 92.25059693]
 [94.62014215 94.13782076 94.91971257 94.4155566  90.46124321 94.06861878
  97.82778507 93.1611401  96.20144835 92.25059693]
 [94.44366366 94.13622456 94.49093945 94.15405367 90.46124321 94.06861878
  97.82778507 92.63609949 92.02202771 92.25059693]]
BO_time_matrix = 
[[  44.2045927    41.44040418   41.6038053    41.53479815   41.38900304
    42.03075171   42.84405398   43.71633768   41.82272458   42.46316981]
 [ 133.92680311  129.68442392  124.37820148  126.09717488  125.78146315
   124.74205565  125.84254146  127.2745676   124.45165944  126.63378453]
 [ 222.1997962   217.45295525  213.10556722  209.6314559   208.16884494
   211.99879813  210.32197022  211.6605413   210.46766496  210.69489193]
 [ 447.37784028  434.87286544  418.20863199  418.54158568  417.46823287
   423.58779073  422.5116241   423.98463082  423.82580757  419.87079096]
 [ 679.64292502 1171.54496312  626.47881007  629.69190598  632.87249136
   630.07413673  633.95170379  633.24049902  634.0011456   631.92275381]
 [ 909.78172183  834.22539139  845.18407798  844.18908954  845.35256147
   848.66116786  852.93898749  845.01388693  855.18285418  847.69196534]]
RS_time_matrix = 
[[ 44.1292913   44.15600348  41.86837435  41.81449509  42.39579129
   41.80664539  41.72008586  41.94999266  42.00866127  42.15276861]
 [131.89818096 133.86140966 126.01419568 125.49173307 126.56824827
  125.77108622 126.19735432 128.4234302  125.48194313 127.06927586]
 [224.75048161 219.07688713 206.73340893 214.22887325 207.53058767
  207.00922799 208.32204223 215.39733863 210.9558022  208.71668339]
 [436.62922668 432.70146871 418.87990546 420.28320003 418.65723395
  422.67824531 421.80002999 422.96617675 419.64022541 424.16633534]
 [682.09766245 637.71905422 622.12865782 624.65346575 624.93892622
  630.27229071 631.25977731 634.99274015 660.61352563 626.39492321]
 [841.65455985 830.07172942 837.77762294 843.07142496 840.22949147
  845.5555625  843.80166125 839.64878011 849.02214074 847.02586555]]
Mean Accumulated PREC(%) 10 times; BBF=[ 10.  30.  50. 100. 150. 200.]
BO_vec=array([95.40007473, 93.66982354, 93.01428609, 92.66535466, 92.12572207,
       92.66058764])
RS_vec=array([96.21948973, 94.87603653, 94.46254848, 94.22194539, 94.20640645,
       93.64912525])
Median Accumulated PREC(%) 10 times; BBF=[ 10.  30.  50. 100. 150. 200.]
BO_vec=array([95.36106441, 93.37603216, 93.14578129, 93.14430721, 93.14428979,
       93.14421535])
RS_vec=array([96.04594852, 94.93812945, 94.38240837, 94.30123995, 94.27668868,
       94.10242167])
Min Accumulated PREC(%) 10 times; BBF=[ 10.  30.  50. 100. 150. 200.]
BO_vec=array([90.70432325, 90.7923104 , 90.63193445, 90.204032  , 86.86769517,
       90.4324335 ])
RS_vec=array([92.25003137, 92.25003137, 92.25003137, 90.52940756, 90.46124321,
       90.46124321])
Max Accumulated PREC(%) 10 times; BBF=[ 10.  30.  50. 100. 150. 200.]
BO_vec=array([99.98226249, 98.62389571, 95.00029661, 94.23838932, 94.23824462,
       94.23824785])
RS_vec=array([99.73151911, 97.82778507, 97.82778507, 97.82778507, 97.82778507,
       97.82778507])