
 input
[[2.785338546750552, 10.327972457430526, 10.73836852868271], [10.41755216352377, 3.7069109035791747, -3.4685487812190026], [-6.07396180366583, -13.298610680476704, -6.820311162596603], [15.0, -15.0, -15.0], [15.0, -13.014870552593772, 15.0], [15.0, -12.67907385604306, -15.0], [-15.0, -15.0, -15.0], [13.47664620971469, 14.923504966050785, -14.68346542354958], [-11.958151824668525, -14.825755984484235, 14.84388686288106], [11.076402304228871, -14.94213068575069, -14.565065716864131]]
 output
 [106.75360271 103.34348708  94.08649547  89.83784166  96.98367905
  91.19380611  91.55646225 109.79276814  95.2770318   94.23756899]
最小値:89.83784166257465
入力値:[15.0, -15.0, -15.0]
経過時間:40.677101850509644sec
num_evaluation of BBF = 10.0
 input
[[2.785338546750552, 10.327972457430526, 10.73836852868271], [10.41755216352377, 3.7069109035791747, -3.4685487812190026], [-6.07396180366583, -13.298610680476704, -6.820311162596603], [15.0, -15.0, -15.0], [15.0, -13.014870552593772, 15.0], [15.0, -12.67907385604306, -15.0], [-15.0, -15.0, -15.0], [13.47664620971469, 14.923504966050785, -14.68346542354958], [-11.958151824668525, -14.825755984484235, 14.84388686288106], [11.076402304228871, -14.94213068575069, -14.565065716864131], [11.369897090640336, -13.332521130811424, -4.692446477889304], [-9.52804090458152, 6.258418176844042, -11.152863737764502], [-15.0, -0.6255399379792372, -15.0], [-15.0, 15.0, -15.0], [-15.0, 15.0, 15.0], [-7.226905730359122, 10.377434281454654, -8.258113871522543], [-11.915083907491516, 15.0, -15.0], [-14.714627964008022, 11.014068853111482, -10.587757849904985], [-10.526758234618221, 15.0, -15.0], [-10.796333561259257, -15.0, -15.0], [-6.09816663789041, -11.859483676923086, 0.07746890723166189], [-5.042533644522708, -14.586471628911614, 9.489674343102063], [15.0, -15.0, -7.4668769024693615], [-15.0, -15.0, 1.0670790302767301], [-3.893909377558849, 5.138680598271044, -15.0], [-9.013802214581542, 15.0, 2.393112753466575], [-11.001460749992077, -15.0, -4.3778264962927835], [-8.02783657917337, 15.0, 15.0], [-8.823142275578338, -6.435015299990649, -15.0], [7.7961169607222764, -15.0, 15.0]]
 output
 [106.75360271 103.34348708  94.08649547  89.83784166  96.98367905
  91.19380611  91.55646225 109.79276814  95.2770318   94.23756899
  93.9335962   92.75053531  92.58497223  89.73505933  96.38187277
  92.50053235  90.65697525  93.20911039  91.22717797  92.10312383
  95.47401377 101.05907033  90.77492685  93.39915173  96.84008659
  92.35211453  93.02872896  93.0375285   91.49785616 101.23867605]
最小値:89.73505932553962
入力値:[-15.0, 15.0, -15.0]
経過時間:81.37924766540527sec
num_evaluation of BBF = 30.0
 input
[[2.785338546750552, 10.327972457430526, 10.73836852868271], [10.41755216352377, 3.7069109035791747, -3.4685487812190026], [-6.07396180366583, -13.298610680476704, -6.820311162596603], [15.0, -15.0, -15.0], [15.0, -13.014870552593772, 15.0], [15.0, -12.67907385604306, -15.0], [-15.0, -15.0, -15.0], [13.47664620971469, 14.923504966050785, -14.68346542354958], [-11.958151824668525, -14.825755984484235, 14.84388686288106], [11.076402304228871, -14.94213068575069, -14.565065716864131], [11.369897090640336, -13.332521130811424, -4.692446477889304], [-9.52804090458152, 6.258418176844042, -11.152863737764502], [-15.0, -0.6255399379792372, -15.0], [-15.0, 15.0, -15.0], [-15.0, 15.0, 15.0], [-7.226905730359122, 10.377434281454654, -8.258113871522543], [-11.915083907491516, 15.0, -15.0], [-14.714627964008022, 11.014068853111482, -10.587757849904985], [-10.526758234618221, 15.0, -15.0], [-10.796333561259257, -15.0, -15.0], [-6.09816663789041, -11.859483676923086, 0.07746890723166189], [-5.042533644522708, -14.586471628911614, 9.489674343102063], [15.0, -15.0, -7.4668769024693615], [-15.0, -15.0, 1.0670790302767301], [-3.893909377558849, 5.138680598271044, -15.0], [-9.013802214581542, 15.0, 2.393112753466575], [-11.001460749992077, -15.0, -4.3778264962927835], [-8.02783657917337, 15.0, 15.0], [-8.823142275578338, -6.435015299990649, -15.0], [7.7961169607222764, -15.0, 15.0], [-9.495751813550775, 2.003890143282785, 15.0], [-13.216034388501502, -8.611449310509546, -15.0], [-15.0, -8.968959755606505, -15.0], [-5.273130926483237, 15.0, -15.0], [-10.329229870985909, 10.528400901917397, -14.138280031443452], [-5.199782018902937, 15.0, 3.867026938892728], [-15.0, -7.691972246963863, -5.923161888509245], [-10.927961581412626, -13.224822725160884, -3.8092929292064994], [-14.417744934512157, 15.0, -15.0], [-14.665169059496394, 15.0, -11.811660347171317], [-10.510731599801087, 13.088090684075357, -12.010105054981775], [-0.4202944708041052, 10.313017063284047, 6.5994573959029665], [6.760369240449016, -2.0094901175790003, 12.72498523214859], [4.905489221218662, -5.640888561722932, -15.0], [15.0, -3.7634198965200802, 15.0], [-11.445512200938637, -10.569605094380655, -15.0], [15.0, -8.421785036658392, -15.0], [-15.0, -11.415287554828902, -15.0], [5.997215279288643, -4.9120486524649944, 15.0], [-15.0, 5.667062256014308, -15.0]]
 output
 [106.75360271 103.34348708  94.08649547  89.83784166  96.98367905
  91.19380611  91.55646225 109.79276814  95.2770318   94.23756899
  93.9335962   92.75053531  92.58497223  89.73505933  96.38187277
  92.50053235  90.65697525  93.20911039  91.22717797  92.10312383
  95.47401377 101.05907033  90.77492685  93.39915173  96.84008659
  92.35211453  93.02872896  93.0375285   91.49785616 101.23867605
 100.18451762  90.53208325  90.21399671  92.10692811  92.20264462
  95.34830789  93.46733609  92.69612702  89.75286978  94.29367532
  92.12659708 102.55461173  91.49585426  96.61434556  93.73686293
  91.12125431  98.84557752  90.26318233  93.65288807  94.71048514]
最小値:89.73505932553962
入力値:[-15.0, 15.0, -15.0]
経過時間:91.5982985496521sec
num_evaluation of BBF = 50.0