
 input_history 
[[1.4644051178197444, 6.455680991172585, 3.082901282149315], [1.346495489906907, -2.290356019832858, 4.376823391999682], [-1.8723836621192245, 11.753190023462395, 13.90988281503088], [-3.496754435226668, 8.75175114247994, 0.8668475925871348], [2.0413368328179686, 12.767899148779833, -12.868918254063392], [-12.38612100895378, -14.393448076790229, 9.978595366438139], [8.344702528495514, 11.100364447404576, 14.35855026698292], [8.974756926501708, -1.1556191324120455, 8.415875288593664], [-11.451767223932004, 4.197630639825714, -10.699401377728607], [13.340067511487518, 0.6554496525021509, -2.560141800284292]]
最小値:93.30399312248119
入力値:[-3.496754435226668, 8.75175114247994, 0.8668475925871348]
経過時間:39.85389947891235sec
num_evaluation of BBF = 10.0
 input_history 
[[-7.063331636861191, 8.2270106830265, -1.3154900335035435], [2.0530184660594557, -14.436305986909346, 3.5290649122763114], [3.362871681672644, 3.5080199062427084, 13.312442355438726], [5.454608973104502, -4.21476298278642, -1.8890413860197555], [5.9289358778179455, -13.193235851121905, 5.00300146337003], [5.119136088544781, -8.688523167784773, -11.132211070354401], [-5.537149472274484, -4.088676871721322, 2.1059031125363887], [-1.841954596130389, 14.651215141776785, -11.938655677559158], [-8.73369731715496, -10.160714463450113, 4.593249763961953], [-7.401251923806536, -1.010676814310811, -7.667232239951918], [-10.23091249063441, -11.688745765070845, 4.689887683958204], [-10.854511459541586, -9.102529149598395, -3.9382448801710765], [9.629796895438052, -12.086961726208163, 10.138347224964118], [-12.117047763181109, 14.293783950401874, -0.9404639505689527], [14.302832645710115, 3.1453655923513786, 7.177907381949051], [-13.82436623237038, -6.5157911227077125, -11.394103163604932], [-6.115794074335652, -11.438168431372677, -5.460504618180719], [-2.5721101645599003, -13.07557510953647, 5.774163581100595], [1.998043626197255, -7.0383152718166375, 0.6974416040009892], [-12.18178467724675, 2.278394866685378, 12.878885927286422]]
最小値:92.02039958909154
入力値:[-13.82436623237038, -6.5157911227077125, -11.394103163604932]
経過時間:82.48499798774719sec
num_evaluation of BBF = 30.0