
BO_ratio_matrix = 
[[79.6379138  83.94654818 79.2225904  88.93577266 85.07324975 78.0633506
  85.73804525 83.70177753 74.55117986 84.70387955]
 [78.43686902 77.02341499 73.35385911 80.42946038 77.83217125 69.13662465
  75.92741989 80.88342093 77.03443392 79.8288987 ]
 [74.36504398 74.96429602 74.70616149 73.77950187 75.1914366  68.01732646
  76.80931524 77.33821725 76.5924816  78.33954114]
 [70.32761794 65.24313775 72.13799305 72.66916422 72.06126715 68.41026772
  76.33367536 76.43037257 71.48914064 72.41469664]
 [70.10086449 69.41589193 69.24556083 72.27519727 68.58260228 68.61215612
  75.14373751 72.93275639 69.75971448 68.38644686]
 [69.36827364 65.60625925 72.22061149 68.61677298 68.37270051 68.00270039
  76.80931524 74.48381255 69.60419356 68.45672406]]
RS_ratio_matrix = 
[[81.95477066 85.4217496  80.78063121 85.92034418 86.19265659 83.66695423
  83.35948889 82.08333052 79.72603958 75.29520608]
 [81.95477066 80.09305706 79.2225904  74.30869398 84.09035348 83.66695423
  83.35948889 80.95798721 79.72603958 84.86784933]
 [81.95477066 80.09305706 77.54983977 74.30869398 84.09035348 83.66695423
  83.35948889 80.95798721 77.2345149  84.62542893]
 [81.95477066 72.66400183 77.54983977 74.30869398 84.09035348 83.66695423
  76.40816855 80.95798721 70.71057088 77.01783669]
 [81.95477066 72.66400183 77.54983977 74.30869398 82.93994    74.36770133
  76.40816855 80.95798721 70.71057088 77.01783669]
 [81.95477066 72.66400183 77.54983977 74.30869398 80.30133344 74.34741166
  76.40816855 80.95798721 70.71057088 77.01783669]]
Mean Accumulated PREC(%) 10 times; BBF=[ 10.  30.  50. 100. 150. 200.]
BO_vec=array([82.35743076, 76.98865728, 75.01033217, 71.7517333 , 70.44549282,
       70.15413637])
RS_vec=array([82.44011715, 81.22477848, 80.78410891, 77.93291773, 76.88795109,
       76.62206147])
Median Accumulated PREC(%) 10 times; BBF=[ 10.  30.  50. 100. 150. 200.]
BO_vec=array([83.82416286, 77.43330259, 75.07786631, 72.0996301 , 69.5878032 ,
       68.99252331])
RS_vec=array([82.7214097 , 81.45637894, 81.45637894, 77.28383823, 76.71300262,
       76.71300262])
Min Accumulated PREC(%) 10 times; BBF=[ 10.  30.  50. 100. 150. 200.]
BO_vec=array([74.55117986, 69.13662465, 68.01732646, 65.24313775, 68.38644686,
       65.60625925])
RS_vec=array([75.29520608, 74.30869398, 74.30869398, 70.71057088, 70.71057088,
       70.71057088])
Max Accumulated PREC(%) 10 times; BBF=[ 10.  30.  50. 100. 150. 200.]
BO_vec=array([88.93577266, 80.88342093, 78.33954114, 76.43037257, 75.14373751,
       76.80931524])
RS_vec=array([86.19265659, 84.86784933, 84.62542893, 84.09035348, 82.93994   ,
       81.95477066])