w=0.8w=0.7w=0.6000000000000001w=0.5w=0.4
position_history=[[2.9288102356394887, 12.91136198234517],
 [-4.580712039665716, 8.753646783999365],
 [27.81976563006176, -6.993508870453336],
 [4.082673665635937, 25.535798297559666],
 [-28.786896153580457, 19.957190732876278],
 [28.71710053396584, 17.949513853003417],
 [-22.903534447864008, 8.395261279651429],
 [1.3108993050043019, -5.120283600568584],
 [-2.630980067007087, 4.106036932118911],
 [6.725743363345288, 7.016039812485417],
 [-8.42952596557284, -3.778082772039511],
 [10.00600292674006, 10.238272177089563],
 [-11.074298944548968, -8.177353743442644],
 [29.30243028355357, -23.877311355118316],
 [9.186499527923907, -14.802503847613073],
 [-20.46182498126882, -23.37749153014169],
 [-18.20505829919679, -7.876489760342153],
 [20.276694449928236, -24.234095526362218],
 [28.60566529142023, 6.290731184702757],
 [-13.031582245415425, -22.788206327209863],
 [22.751904483800708, -6.732853042757103],
 [23.952499810948723, -30.0],
 [26.298204375982476, -30.0],
 [22.392336671894075, 22.87370429945981],
 [30.0, -3.3147891011523143],
 [24.456312421591864, -30.0],
 [-4.20873726737933, -30.0],
 [27.466549571954975, -16.051817574326932],
 [30.0, -28.652446682603816],
 [27.091510831310472, -24.025957276696182],
 [16.221236844178822, -29.290496662103802],
 [23.10349253517675, -10.354769623254438],
 [-2.4674911267583255, -17.854475894472202],
 [18.469217135910444, -24.88531955283945],
 [29.01834977378945, -22.14480985034894],
 [30.0, -25.16230635509328],
 [30.0, -30.0],
 [21.03902959394967, -24.284253603725894],
 [15.540214884448925, -29.189971202389422],
 [30.0, -24.70978690936068],
 [30.0, -30.0],
 [30.0, -30.0],
 [24.294845975246233, -30.0],
 [30.0, -30.0],
 [-7.9425546220584735, -30.0],
 [20.532423156542368, -30.0],
 [29.97280666609132, -27.72509788640128],
 [23.635460118675372, -30.0],
 [6.703565418935266, -20.135529362941554],
 [30.0, -30.0],
 [30.0, -30.0],
 [30.0, -30.0],
 [21.547000590053575, -26.826960724136793],
 [14.395456930200156, -29.51351585467034],
 [30.0, -30.0],
 [30.0, -30.0],
 [-8.900400189867284, -30.0],
 [24.59218888769394, -24.612727434358042],
 [12.689648570597676, -30.0],
 [30.0, -27.298430442821218],
 [23.560702968205597, -30.0],
 [30.0, -30.0],
 [23.99365813620387, -30.0],
 [17.907465238911044, -30.0],
 [-30.0, -29.59648483859745],
 [22.760421480304867, -30.0],
 [19.917958024239447, 13.793024535480434],
 [21.551226066767274, -30.0],
 [25.201229203469644, -30.0],
 [30.0, -30.0],
 [19.355334941202567, -30.0],
 [16.489281034754406, -30.0],
 [15.863485072710894, -28.308968858778343],
 [13.821408674682427, -30.0],
 [21.630861545663546, -26.21449483753772],
 [30.0, -30.0],
 [15.43511787334397, -30.0],
 [21.146353352512836, -25.678707414014752],
 [24.28368937199728, -30.0],
 [30.0, -25.797919560198128],
 [20.54644857890395, -30.0],
 [20.003173577848234, -30.0],
 [23.83838467344275, -30.0],
 [14.997634598835246, -30.0],
 [-12.309939833604705, -2.5150999541759163],
 [25.781259328055654, -30.0],
 [-24.88381481523127, -30.0],
 [25.267176168445605, -30.0],
 [13.920714231046466, -21.885482433773937],
 [25.53634741013522, -22.36455987741654],
 [22.142781981344264, -30.0],
 [23.22808372735485, -30.0],
 [-12.427621078819975, -18.00608905187562],
 [29.946580202329752, -30.0],
 [21.428935742017998, -27.783385742446296],
 [30.0, -27.177440445269514],
 [-1.3763759293895603, -30.0],
 [20.87524634123329, -30.0],
 [29.84532086682558, -30.0],
 [30.0, -30.0]]
最小値:81.1242764353709
入力値:[ 23.83838467 -30.        ]
経過時間:454.90721559524536sec
num_evaluation of BBF = 100.0w=0.85w=0.8w=0.75w=0.7w=0.65w=0.6000000000000001w=0.55w=0.5w=0.45w=0.4
position_history=[[2.9288102356394887, 12.91136198234517],
 [-4.580712039665716, 8.753646783999365],
 [27.81976563006176, -6.993508870453336],
 [4.082673665635937, 25.535798297559666],
 [-28.786896153580457, 19.957190732876278],
 [28.71710053396584, 17.949513853003417],
 [-22.903534447864008, 8.395261279651429],
 [1.3108993050043019, -5.120283600568584],
 [-2.630980067007087, 4.106036932118911],
 [6.725743363345288, 7.016039812485417],
 [-8.42952596557284, -3.778082772039511],
 [10.00600292674006, 10.238272177089563],
 [-11.074298944548968, -8.177353743442644],
 [29.30243028355357, -23.877311355118316],
 [9.186499527923907, -14.802503847613073],
 [-20.46182498126882, -23.37749153014169],
 [-18.20505829919679, -7.876489760342153],
 [20.276694449928236, -24.234095526362218],
 [28.60566529142023, 6.290731184702757],
 [-13.031582245415425, -22.788206327209863],
 [22.76218082140787, -6.728364724457414],
 [23.946258532074992, -30.0],
 [26.32737687979074, -30.0],
 [22.349440277713864, 22.832417229429964],
 [30.0, -3.2777878863276335],
 [24.45246035781716, -30.0],
 [-4.2444019386384255, -30.0],
 [27.44300513316544, -16.024394205383512],
 [30.0, -28.64068313289623],
 [27.135885639161934, -24.007775246785833],
 [16.240999963771547, -29.334474114940875],
 [23.074530791284133, -10.391876993488953],
 [-2.460471449716538, -17.86061574312597],
 [18.44010481151993, -24.91918860105095],
 [29.01498085107508, -22.17036729114878],
 [30.0, -25.198488059958414],
 [30.0, -30.0],
 [21.086675540451008, -24.287388483561124],
 [15.564141242388757, -29.23605242316399],
 [30.0, -24.747914137465255],
 [30.0, -30.0],
 [30.0, -30.0],
 [24.18103508975351, -30.0],
 [30.0, -30.0],
 [-1.226630193018, -30.0],
 [20.094946554131376, -30.0],
 [30.0, -30.0],
 [26.233840393109286, -30.0],
 [10.622041305864421, -23.40772667832307],
 [30.0, -30.0],
 [30.0, -30.0],
 [30.0, -30.0],
 [22.388826969722892, -27.799827718420566],
 [13.274371685178142, -29.649305846985],
 [30.0, -30.0],
 [30.0, -30.0],
 [-3.338136004315274, -30.0],
 [24.698336308476286, -24.62322512672313],
 [11.403595326045718, -30.0],
 [30.0, -27.550255183860898],
 [27.46390305082252, -30.0],
 [30.0, -30.0],
 [23.73845085067294, -30.0],
 [21.273671179952714, -30.0],
 [-30.0, -30.0],
 [21.986926441583424, -30.0],
 [26.49437368535624, 12.153821969298946],
 [23.779834269330497, -30.0],
 [21.174814344104533, -30.0],
 [30.0, -30.0],
 [23.88069478661947, -30.0],
 [18.92132730889777, -30.0],
 [30.0, -30.0],
 [16.77111718718358, -30.0],
 [24.22209343928481, -29.62355430592261],
 [8.6275118734095, -30.0],
 [7.313701063494484, -30.0],
 [21.72131578647589, -25.739953158991277],
 [24.424727200558973, -30.0],
 [30.0, -26.2213576207226],
 [25.688635186398283, -30.0],
 [26.25074850429283, -30.0],
 [23.852211466161513, -30.0],
 [18.377012657586395, -30.0],
 [-30.0, -8.727917646781961],
 [30.0, -30.0],
 [-26.09841707400513, -30.0],
 [25.23329436442466, -30.0],
 [30.0, -30.0],
 [29.31815962105665, -28.614783264261064],
 [25.918257278263205, -30.0],
 [26.611991825963827, -30.0],
 [30.0, -30.0],
 [30.0, -30.0],
 [30.0, -20.89485090670606],
 [-30.0, -25.66473215146289],
 [-1.5074640072178518, -30.0],
 [22.528832750490537, -30.0],
 [30.0, -30.0],
 [30.0, -30.0],
 [26.494093458812543, -30.0],
 [22.75191976341841, -30.0],
 [24.30189485096341, -30.0],
 [19.933914116480498, -30.0],
 [30.0, -1.552118430187953],
 [22.992738233904372, -30.0],
 [28.607580163687555, -30.0],
 [26.154752142298438, -30.0],
 [24.181825089716646, -30.0],
 [23.8396906103134, -26.187633392238745],
 [23.796079889524343, -30.0],
 [30.0, -30.0],
 [24.023152459735954, -28.469316341590268],
 [12.827393409310886, -30.0],
 [30.0, -24.373229959119982],
 [-21.55663251886255, -20.91154864103096],
 [24.949682277772123, -16.721639503356066],
 [26.782096527118654, -23.640194702391767],
 [22.104468893331266, -30.0],
 [30.0, -28.85942880539328],
 [26.977368422261097, -30.0],
 [28.810339057600476, -30.0],
 [28.2562948208672, -30.0],
 [26.84364559343307, -30.0],
 [30.0, 3.2909307313872738],
 [21.123837390035327, -30.0],
 [30.0, -30.0],
 [26.71295286043577, -30.0],
 [17.895563933218227, -30.0],
 [23.438890353362982, -26.886852887606405],
 [22.565316292775915, -30.0],
 [28.776911300854707, -30.0],
 [23.512036403949697, -28.405235642423325],
 [19.95342638567088, -30.0],
 [28.990136153881675, -29.563089836669334],
 [30.0, -18.366313300307844],
 [-17.71436330863501, -3.2294160701992407],
 [20.071104227671732, -26.563773289890058],
 [19.366707635274754, -30.0],
 [29.097423881936347, -21.186026183601083],
 [25.809485281560825, -30.0],
 [23.031337862839024, -30.0],
 [21.713647542966427, -30.0],
 [30.0, -30.0],
 [30.0, -30.0],
 [29.22193138278284, -30.0],
 [30.0, -30.0],
 [26.725561331025855, -30.0],
 [22.66341866217718, -30.0],
 [24.285683894943507, -29.31357340591209],
 [28.33458800643267, -30.0],
 [24.525460614482213, -30.0],
 [29.485726997063107, -28.83885173032082],
 [30.0, -30.0],
 [26.697770600512182, -18.27312266975193],
 [30.0, -30.0],
 [-11.515875721809348, -3.7159515151706115],
 [22.06035971558348, -30.0],
 [19.533315600754364, -30.0],
 [24.184975639918676, -30.0],
 [27.092828159040838, -30.0],
 [27.365382771230998, -30.0],
 [22.880880108771212, -30.0],
 [23.117895016104548, -30.0],
 [30.0, 14.570337089771819],
 [29.606453458990554, -30.0],
 [30.0, -30.0],
 [26.43731310501713, -30.0],
 [30.0, -30.0],
 [26.499542460338986, -30.0],
 [30.0, -30.0],
 [29.110703660231177, -30.0],
 [19.798091401000292, -29.972859679703554],
 [23.956646189340766, -30.0],
 [27.80088082531017, -24.424147586990458],
 [30.0, -30.0],
 [-3.4293539669003845, -30.0],
 [29.597871487520816, -25.652523971407405],
 [25.644433335436045, -30.0],
 [28.6303611591365, -22.362332261547657],
 [27.169851766479226, -30.0],
 [28.00086827190897, -30.0],
 [27.020516952302163, -30.0],
 [25.592405041287925, -30.0],
 [30.0, -30.0],
 [25.920180950234712, -30.0],
 [21.492981919310118, -30.0],
 [26.423449900711145, -30.0],
 [27.052367087634345, -30.0],
 [27.49577881476695, -30.0],
 [19.311976612229195, -30.0],
 [21.17163337651695, -30.0],
 [24.049466675128443, -29.75577254849761],
 [23.541480308869524, -30.0],
 [29.82487545159089, -28.14737997094449],
 [30.0, -14.41651953387706],
 [20.709152204934867, -30.0],
 [19.621437466011983, -24.044872332455757],
 [17.13701216002964, -30.0],
 [30.0, -27.559854373833254]]
最小値:74.90713474128732
入力値:[ 26.49954246 -30.        ]
経過時間:903.7041320800781sec
num_evaluation of BBF = 200.0w=0.8833333333333333w=0.8666666666666667w=0.85w=0.8333333333333334w=0.8166666666666667w=0.8w=0.7833333333333333w=0.7666666666666667w=0.75w=0.7333333333333334w=0.7166666666666667w=0.7w=0.6833333333333333w=0.6666666666666667w=0.65w=0.6333333333333333w=0.6166666666666667w=0.6000000000000001w=0.5833333333333334w=0.5666666666666667w=0.55w=0.5333333333333334w=0.5166666666666666w=0.5w=0.48333333333333334w=0.4666666666666667w=0.45w=0.43333333333333335w=0.4166666666666667w=0.4
position_history=[[2.9288102356394887, 12.91136198234517],
 [-4.580712039665716, 8.753646783999365],
 [27.81976563006176, -6.993508870453336],
 [4.082673665635937, 25.535798297559666],
 [-28.786896153580457, 19.957190732876278],
 [28.71710053396584, 17.949513853003417],
 [-22.903534447864008, 8.395261279651429],
 [1.3108993050043019, -5.120283600568584],
 [-2.630980067007087, 4.106036932118911],
 [6.725743363345288, 7.016039812485417],
 [-30.0, 6.933319297168482],
 [-16.250049946090968, 9.185081749218941],
 [-30.0, -3.801772903665183],
 [-30.0, 16.123285214382182],
 [-26.424934771981576, 18.058579670382798],
 [8.35363473497516, 11.399328576481821],
 [-23.533610306774694, 9.180843033105694],
 [-30.0, 11.713829452860203],
 [-14.947557142466657, 5.344959677310041],
 [-11.333525621056982, 8.479976504409121],
 [-30.0, 2.9452873303247467],
 [-30.0, 9.551114006875949],
 [-30.0, 17.564000219815647],
 [-30.0, 7.686582922000323],
 [-24.374175176420117, 11.636827163710773],
 [4.783389474762011, 15.771134385529535],
 [-24.079676051163954, 9.861680552766057],
 [-30.0, 24.796586584666663],
 [-30.0, 10.878082597781187],
 [-30.0, 10.451444596033511],
 [-30.0, 7.943567991165129],
 [-30.0, 10.042418226907236],
 [-30.0, 12.808026149971809],
 [-30.0, 3.356937084846715],
 [-22.10296514373382, 4.8733851171835],
 [-23.92604849701082, 15.053870193791061],
 [-24.543831933894825, 10.440392444477364],
 [-30.0, 17.53028164746837],
 [-30.0, 14.424366771086673],
 [-30.0, 11.59222614125307],
 [-30.0, 7.7215392510572585],
 [-28.626538992208097, 10.588446783306512],
 [-30.0, 6.951922640811818],
 [-30.0, 12.896943711962278],
 [-24.2140292243888, 6.587414550969161],
 [-30.0, 8.791113480639451],
 [-24.93062850283722, 10.922652354236789],
 [-30.0, 1.1336136488729132],
 [-30.0, 11.874291574497265],
 [-30.0, 9.947584700293511],
 [-30.0, 6.255098313061506],
 [-25.404820666499646, 11.138252321068906],
 [-30.0, 4.260602079370936],
 [-30.0, 4.703935452660437],
 [-26.83952076080618, 15.553501476311094],
 [-30.0, 7.738353742115475],
 [-25.246512367473507, 11.316497947206985],
 [-30.0, -11.754571869338744],
 [-30.0, 8.063266100698101],
 [-30.0, 8.833663878956202],
 [-23.876736228323864, 8.075745675311346],
 [-22.827446005932885, 11.57809675127882],
 [-30.0, 12.405638682249418],
 [-27.096378784601562, 5.446197535786426],
 [-28.248879843427247, 21.840725528857345],
 [-30.0, 14.192168571986556],
 [-25.51946875796929, 11.458452431768547],
 [-30.0, 30.0],
 [-23.42961181801463, 9.929519608445368],
 [-29.0139398738181, 13.803233372783167],
 [-20.14138387750807, 10.409284184731058],
 [-28.43351470609874, 10.93928767546397],
 [-30.0, 16.074580598369497],
 [-24.490856235091357, 15.842918872708562],
 [-21.453896980544474, -1.8846895215701558],
 [-30.0, 16.95314346317805],
 [-25.566908579115243, 11.562331964308271],
 [-30.0, 30.0],
 [-28.77534423590817, 11.823003139503319],
 [-27.987345236269736, 11.388809979411574],
 [-20.450583557343936, 11.455770197164084],
 [-26.875216811359255, 10.877527855476066],
 [-30.0, -6.625497806944104],
 [-27.025311766814944, 4.1314266596442035],
 [-25.504013473040036, -5.426680646396841],
 [-25.018453601548785, 17.446650275084426],
 [-25.366826753287, 10.764478062031769],
 [-28.647104156515994, 30.0],
 [-30.0, 7.974485771150327],
 [-26.23374909606357, 9.084751838641028],
 [-30.0, 8.517832463711995],
 [-20.849563639477683, 10.883264945995213],
 [-29.28995693287991, 5.6068102521810665],
 [-26.31866181490565, 8.494353799205696],
 [-29.52996001561092, 30.0],
 [-30.0, -4.296190833403589],
 [-25.21676538391582, 10.166087635324391],
 [-26.10500945976758, -24.564139733337342],
 [-29.362308261304307, 7.2487942976956745],
 [-24.280097536475896, 11.332190652482325],
 [-29.985729533025463, 7.568218054371265],
 [-24.958561794860778, 10.998308119567135],
 [-28.235131775542378, 17.17602534565722],
 [-25.894967115809987, 10.20494849883846],
 [-23.74899694960788, 1.1253855092919984],
 [-28.71518052444803, -1.2070196895794059],
 [-25.638731216511434, 10.150572613598914],
 [-25.758173989296793, 16.519680522836353],
 [-24.46217788846878, 8.734985286714478],
 [-28.869945424380727, 12.086412355612154],
 [-16.52530609299471, 9.162278068299637],
 [-29.421910234680052, 10.933375101737495],
 [-26.673978251201618, 1.1556686229221214],
 [-24.862730324974734, 11.496178916341862],
 [-25.00403421701111, 13.182563747075134],
 [-27.16367373081676, 20.09453370490524],
 [-25.24045271840659, 10.805185147647629],
 [-25.01338207549484, 30.0],
 [-22.216157356111573, 13.729047077202994],
 [-29.90748927636426, 11.222445208389377],
 [-11.664654254621546, 11.306730221986715],
 [-21.62172924645611, 11.070075847756433],
 [-24.674630601666433, 3.030068284470465],
 [-25.739091126701762, 11.110639301479807],
 [-27.019687143245214, 22.217283375506224],
 [-27.85707012331457, 0.7921337253848861],
 [-25.243714776380102, 11.223128088367666],
 [-25.171046809774037, 8.047148806240862],
 [-24.731012973139414, 8.102069548619143],
 [-23.099486901471515, 10.65128128054672],
 [-9.29773842280338, 7.777759164478546],
 [-20.97607873497762, 11.041110489680428],
 [-24.39424829814947, 10.393399991864882],
 [-25.908240171923214, 10.365836177334048],
 [-28.14598573148109, 0.9205681123148644],
 [-26.1090231050515, -2.6427068786534713],
 [-25.542961250812716, 10.455988970491909],
 [-25.45186780256912, -4.128202578082634],
 [-26.366003243067105, 6.556795004908823],
 [-27.346682535608252, 11.5995188096093],
 [-30.0, 11.454260866097789],
 [-30.0, 10.665464695018953],
 [-24.54728573408777, 15.59108648682194],
 [-25.52513947443128, 11.022862039366633],
 [-26.839842244996557, 26.30848658575793],
 [-27.33594579589616, 3.4503130784486036],
 [-25.706987505235208, 10.541598646958782],
 [-25.109137714087577, 25.378012908980615],
 [-25.57298975613696, 13.834798549594797],
 [-29.48654946318902, 11.683910471368202],
 [-30.0, 12.75794648647646],
 [-30.0, 10.71959212383443],
 [-26.097749581772476, 14.173259678520022],
 [-25.08898986716897, 11.109287572563467],
 [-24.953905885621253, -1.1109090878505654],
 [-27.685946173021065, 29.11168805941147],
 [-25.065209999044377, 10.97432751185659],
 [-25.116907032286893, 20.915900382759176],
 [-23.29165593148201, 8.129627495718287],
 [-21.365437729170303, 9.892085598750798],
 [-23.363282679959816, 9.250406571061966],
 [-15.841461415594736, 11.312524043551253],
 [-25.030663705869625, 7.730144984441299],
 [-25.82408516397206, 11.074024589275469],
 [-25.833067513292256, 30.0],
 [-26.577674966199616, 19.669021518542852],
 [-25.49432001543891, 10.83544526926772],
 [-25.472213774217874, 5.555412431106435],
 [-26.78667084310127, 8.136883423231007],
 [-20.78776306714521, 10.70055666467953],
 [-19.74131253438482, 7.191363883187761],
 [-30.0, 11.34369050464594],
 [-23.62850889361702, 6.365592563987104],
 [-25.789712269841544, 11.003081348558792],
 [-27.070187327562017, 19.061710785531922],
 [-25.90929945565636, 10.208875962236462],
 [-25.674627950326443, 10.61887727631705],
 [-25.4306447135197, 3.6272083066799174],
 [-26.999380153969422, 11.156085682470803],
 [-30.0, 12.722692326031439],
 [-22.22439516431394, 13.817254844180871],
 [-30.0, 10.53441454435118],
 [-24.823249160986066, 10.87428521924738],
 [-25.272081670603818, 10.737248485635439],
 [-27.5988515987171, -4.73157357527684],
 [-24.843347181818984, 4.623206868417423],
 [-24.645003132591764, 10.846315270412575],
 [-25.130929040481206, 14.761435216043306],
 [-25.912651305167174, 12.966523577211996],
 [-27.39126883521318, 11.425415940073995],
 [-30.0, 8.052977810028972],
 [-12.171013634323081, 10.88168331766234],
 [-25.755503617098228, 13.467889455670845],
 [-25.0559873912118, 10.609079840751058],
 [-26.104632262431238, 28.87041368018579],
 [-26.125650877927686, 12.424211715500524],
 [-25.09660783011336, 10.94903881683147],
 [-25.283080534452814, 17.0060031743719],
 [-26.972063672308014, 9.579347489750768],
 [-25.707582766803636, 9.823060710834676],
 [-22.289672343622744, 8.648839299277487],
 [-30.0, 11.078572415062077],
 [-25.393038761621035, 6.985164906896668],
 [-25.09591166991423, 10.716164838218118],
 [-25.633613677372907, 30.0],
 [-26.53623445556663, 13.749729931281564],
 [-25.902840464944376, 10.631673642322994],
 [-25.355495143054387, 8.24805565996357],
 [-24.679611947802982, 9.288645453997402],
 [-25.454812331350126, 11.532234763372468],
 [-21.301160742032792, 11.772926523685047],
 [-30.0, 10.911848075735001],
 [-24.180258720686812, 14.401276404365081],
 [-25.537756336359564, 10.851740223319716],
 [-25.21294846920124, -13.149681142037053],
 [-25.126011987958698, 7.827617626322279],
 [-25.251344456101297, 10.656013052682562],
 [-25.407395163418016, 5.073248952465873],
 [-25.482608701886704, 11.852559728451546],
 [-28.731363504694443, 11.870786399115325],
 [-30.0, 6.982689393921222],
 [-27.55809095765308, 10.900918641661269],
 [-25.165014740671975, 10.795122344774637],
 [-25.147029352163724, 10.700417223965578],
 [-26.54403775987502, 4.411349875260569],
 [-25.218570612843475, 10.610364014036527],
 [-24.972128166100525, 10.766693323547393],
 [-25.262115480659727, 4.839015208231895],
 [-25.8256772300711, 12.474987747538272],
 [-24.025830856685822, 10.626499647545861],
 [-25.95963635436219, 12.95744211969893],
 [-26.296437952440503, 10.89527176738984],
 [-27.267938879481648, 8.953045500309628],
 [-26.50199697534693, 10.743163917901859],
 [-27.711657419002194, 30.0],
 [-27.11570499743064, 12.228748301975074],
 [-29.15912692481856, 11.041230370246174],
 [-25.973244610715394, 14.883668082067278],
 [-27.542893235636612, 10.722588948400057],
 [-28.895083546447136, 11.746674918156929],
 [-24.96012811589896, 14.530153093196885],
 [-27.055785348597478, 10.597054559384388],
 [-25.745338466653628, 10.47414091016401],
 [-25.833688929450254, 10.750259825504472],
 [-27.453799097633794, -3.0439951472171316],
 [-26.105434096441655, 9.744874843529557],
 [-23.933742681723224, 10.225397447526186],
 [-27.03445217207299, 11.40345737945201],
 [-28.401501238419367, 9.846389548830949],
 [-29.038651882003673, 11.851075030461555],
 [-25.655373296894656, 6.363245860661344],
 [-28.16391016287454, 10.710988016544228],
 [-25.367301002130453, 11.505264662695053],
 [-27.16031156675551, 10.729492614413134],
 [-26.648014097273116, 26.085829810323993],
 [-26.72010165212936, 11.845116994261474],
 [-30.0, 10.159543031833058],
 [-28.50715422757627, 8.407381678737881],
 [-27.14431916419568, 10.501137438583124],
 [-28.26439037265042, 10.739052065438305],
 [-26.45281873292869, 15.897199469615488],
 [-27.300526397319803, 11.110759429023725],
 [-27.18831383952151, 11.56636144382134],
 [-24.906347551700293, 10.712487219127912],
 [-27.807577121880836, 15.061352483077323],
 [-27.832258077065593, 12.610195518990132],
 [-28.13718298812055, 11.468157264658938],
 [-28.65570233816483, 13.512611981316848],
 [-27.319833535732652, 11.286792626877881],
 [-26.212216610651154, 10.909355468158575],
 [-28.550010161621955, 8.107733125854196],
 [-27.376805607322723, 10.589269697209756],
 [-27.109708846024454, 9.91481562117408],
 [-24.055356214326245, 10.761959482867626],
 [-26.98189252016743, 2.5801487038552917],
 [-26.372628425040915, 6.684684168551339],
 [-23.861840061585205, 11.310544001879672],
 [-27.268750297203642, 13.109776273461199],
 [-27.828622744615554, 11.304117187431592],
 [-28.896340885837972, 11.510400047901648],
 [-23.202224347786135, 11.023520485624275],
 [-27.810564965453416, 10.894842423899599],
 [-27.895971767449232, 10.083193896872508],
 [-30.0, 10.712149334254272],
 [-26.651591702104927, 24.104094575952523],
 [-25.46930378254834, 12.691449862949979],
 [-25.41788371936606, 9.858576339148676],
 [-26.782640026437523, 9.488728833476763],
 [-27.410889314969236, 9.238623260354174],
 [-27.713468195520765, 11.41733368283817],
 [-24.222508083351517, 15.6803917514141],
 [-27.2655100504785, 10.709320310468469],
 [-26.24624535413174, 11.458505659038911],
 [-22.030787643188248, 10.731907166463213],
 [-28.152959723197675, 5.988008885063728],
 [-25.584862124811266, 11.986428086696398],
 [-29.93797015323736, 11.928375678252374],
 [-27.41129983884392, 12.382201800800186],
 [-27.513543541080164, 10.892335117363986],
 [-27.10280869687287, 10.07585352191475]]
最小値:83.93629196486168
入力値:[-27.51354354  10.89233512]
経過時間:1215.2630360126495sec
num_evaluation of BBF = 300.0