current_best_fitness=87.4998067943795,  best_fitness=inf
Generation 1: Best Fitness = 87.4998067943795, Best Individual = [-3.74476732 23.50638005 27.81976563]
Generation 2: Best Fitness = 87.4998067943795, Best Individual = [-3.74476732 23.50638005 27.81976563]
gene_history=array([[  2.92881024,  12.91136198,   6.16580256],
       [  2.69299098,  -4.58071204,   8.75364678],
       [ -3.74476732,  23.50638005,  27.81976563],
       [ -6.99350887,  17.50350228,   1.73369519],
       [  4.08267367,  25.5357983 , -25.73783651],
       [ -0.24432915,  23.24796344,  26.4185035 ],
       [ -4.26841758,  23.04049938, -17.79620731],
       [ -3.74476732,  23.50638005,  27.81976563],
       [  8.05644348,  23.50638005,  27.81976563],
       [  4.08267367,  25.5357983 , -25.73783651]])
最小値:87.4998067943795
入力値:[-3.74476732 23.50638005 27.81976563]
経過時間:42.171058893203735sec
num_evaluation of BBF = 10.0current_best_fitness=87.4998067943795,  best_fitness=inf
Generation 1: Best Fitness = 87.4998067943795, Best Individual = [-3.74476732 23.50638005 27.81976563]current_best_fitness=84.29307194031631,  best_fitness=87.4998067943795
Generation 2: Best Fitness = 84.29307194031631, Best Individual = [-2.05809828 -9.37148794 30.        ]
Generation 3: Best Fitness = 84.29307194031631, Best Individual = [-2.05809828 -9.37148794 30.        ]
gene_history=array([[  2.92881024,  12.91136198,   6.16580256],
       [  2.69299098,  -4.58071204,   8.75364678],
       [ -3.74476732,  23.50638005,  27.81976563],
       [ -6.99350887,  17.50350228,   1.73369519],
       [  4.08267367,  25.5357983 , -25.73783651],
       [-24.77224202, -28.78689615,  19.95719073],
       [ 16.68940506,  22.20072889,  28.71710053],
       [ 17.94951385,  -2.31123826,  16.83175058],
       [-22.90353445,   8.39526128, -21.39880276],
       [ 26.68013502,   1.31089931,  -5.1202836 ],
       [ 30.        ,  30.        , -16.11484902],
       [ -2.05809828,  -9.37148794,  30.        ],
       [ -1.46708644,  28.66861262, -25.61000715],
       [-14.92529125,  18.77630685, -26.47598894],
       [-18.31278375,   5.26549963,  10.06351798],
       [ -5.51744071,   9.5581053 ,  -3.35645073],
       [ 16.68940506,  22.20072889,  28.71710053],
       [ 16.68940506,  22.20072889,  28.71710053],
       [-22.90353445,   8.39526128, -21.39880276],
       [ 26.68013502,   1.31089931,  -5.1202836 ],
       [-15.72950693,   8.6190926 ,  -3.64737368],
       [  3.60955752, -11.28838676, -30.        ],
       [ -2.05809828,  -9.37148794,  30.        ],
       [ -2.05809828,  -9.37148794,  30.        ],
       [  0.63406797,  18.42921894,  -0.65558182],
       [ -3.9346092 ,  10.72857428,  26.01244912],
       [-19.40113063,  12.67255566, -19.81047526],
       [-24.70310028,   7.96381097, -20.06263561],
       [-22.90353445,   8.39526128, -21.39880276],
       [ 26.68013502,   1.31089931,  -5.1202836 ]])
最小値:84.29307194031631
入力値:[-2.05809828 -9.37148794 30.        ]
経過時間:131.93654584884644sec
num_evaluation of BBF = 30.0current_best_fitness=87.4998067943795,  best_fitness=inf
Generation 1: Best Fitness = 87.4998067943795, Best Individual = [-3.74476732 23.50638005 27.81976563]current_best_fitness=84.29307194031631,  best_fitness=87.4998067943795
Generation 2: Best Fitness = 84.29307194031631, Best Individual = [-2.05809828 -9.37148794 30.        ]
Generation 3: Best Fitness = 84.29307194031631, Best Individual = [-2.05809828 -9.37148794 30.        ]current_best_fitness=83.68772516004971,  best_fitness=84.29307194031631
Generation 4: Best Fitness = 83.68772516004971, Best Individual = [ -1.29672022 -18.8607918   28.27311678]current_best_fitness=80.16318612960072,  best_fitness=83.68772516004971
Generation 5: Best Fitness = 80.16318612960072, Best Individual = [-12.66609104  -3.58730301  30.        ]
gene_history=array([[  2.92881024,  12.91136198,   6.16580256],
       [  2.69299098,  -4.58071204,   8.75364678],
       [ -3.74476732,  23.50638005,  27.81976563],
       [ -6.99350887,  17.50350228,   1.73369519],
       [  4.08267367,  25.5357983 , -25.73783651],
       [-24.77224202, -28.78689615,  19.95719073],
       [ 16.68940506,  22.20072889,  28.71710053],
       [ 17.94951385,  -2.31123826,  16.83175058],
       [-22.90353445,   8.39526128, -21.39880276],
       [ 26.68013502,   1.31089931,  -5.1202836 ],
       [ 30.        ,  30.        , -16.11484902],
       [ -2.05809828,  -9.37148794,  30.        ],
       [ -1.46708644,  28.66861262, -25.61000715],
       [-14.92529125,  18.77630685, -26.47598894],
       [-18.31278375,   5.26549963,  10.06351798],
       [ -5.51744071,   9.5581053 ,  -3.35645073],
       [ 16.68940506,  22.20072889,  28.71710053],
       [ 16.68940506,  22.20072889,  28.71710053],
       [-22.90353445,   8.39526128, -21.39880276],
       [ 26.68013502,   1.31089931,  -5.1202836 ],
       [-15.72950693,   8.6190926 ,  -3.64737368],
       [  3.60955752, -11.28838676, -30.        ],
       [ -2.05809828,  -9.37148794,  30.        ],
       [ -2.05809828,  -9.37148794,  30.        ],
       [  0.63406797,  18.42921894,  -0.65558182],
       [ -3.9346092 ,  10.72857428,  26.01244912],
       [-19.40113063,  12.67255566, -19.81047526],
       [-24.70310028,   7.96381097, -20.06263561],
       [-22.90353445,   8.39526128, -21.39880276],
       [ 26.68013502,   1.31089931,  -5.1202836 ],
       [  3.20163371,  11.33556495,   9.44386579],
       [-16.50562759,  12.82369158,  -5.0213634 ],
       [-20.16429538,   8.79046918, -15.28641161],
       [ -2.88705575,  11.70294837, -13.12277823],
       [ -1.29672022, -18.8607918 ,  28.27311678],
       [ -3.72976165,  16.06956274,  26.01741538],
       [ -2.05809828,  23.52297948,  30.        ],
       [ -2.05809828,  -9.37148794,  30.        ],
       [-22.90353445,   8.39526128, -21.39880276],
       [ 26.68013502,   1.31089931,  -5.1202836 ],
       [ -2.05809828, -22.13678942,  30.        ],
       [ -2.05809828,  29.41194223,  30.        ],
       [-11.93571391,  20.49235213,   8.88443404],
       [-30.        ,  18.38414554,  30.        ],
       [-12.66609104,  -3.58730301,  30.        ],
       [-16.66831988, -10.98255929, -18.62817541],
       [ -3.62852294,  16.7814903 ,  30.        ],
       [ -3.07241034,  12.73436366,  -8.21042594],
       [-22.90353445,   8.39526128, -21.39880276],
       [ 26.68013502,   1.31089931,  -5.1202836 ]])
最小値:80.16318612960072
入力値:[-12.66609104  -3.58730301  30.        ]
経過時間:219.66385960578918sec
num_evaluation of BBF = 50.0current_best_fitness=87.4998067943795,  best_fitness=inf
Generation 1: Best Fitness = 87.4998067943795, Best Individual = [-3.74476732 23.50638005 27.81976563]current_best_fitness=84.29307194031631,  best_fitness=87.4998067943795
Generation 2: Best Fitness = 84.29307194031631, Best Individual = [-2.05809828 -9.37148794 30.        ]
Generation 3: Best Fitness = 84.29307194031631, Best Individual = [-2.05809828 -9.37148794 30.        ]current_best_fitness=83.68772516004971,  best_fitness=84.29307194031631
Generation 4: Best Fitness = 83.68772516004971, Best Individual = [ -1.29672022 -18.8607918   28.27311678]current_best_fitness=80.16318612960072,  best_fitness=83.68772516004971
Generation 5: Best Fitness = 80.16318612960072, Best Individual = [-12.66609104  -3.58730301  30.        ]
Generation 6: Best Fitness = 80.16318612960072, Best Individual = [-12.66609104  -3.58730301  30.        ]
Generation 7: Best Fitness = 80.16318612960072, Best Individual = [-12.66609104  -3.58730301  30.        ]
Generation 8: Best Fitness = 80.16318612960072, Best Individual = [-12.66609104  -3.58730301  30.        ]
Generation 9: Best Fitness = 80.16318612960072, Best Individual = [-12.66609104  -3.58730301  30.        ]
Generation 10: Best Fitness = 80.16318612960072, Best Individual = [-12.66609104  -3.58730301  30.        ]
gene_history=array([[  2.92881024,  12.91136198,   6.16580256],
       [  2.69299098,  -4.58071204,   8.75364678],
       [ -3.74476732,  23.50638005,  27.81976563],
       [ -6.99350887,  17.50350228,   1.73369519],
       [  4.08267367,  25.5357983 , -25.73783651],
       [-24.77224202, -28.78689615,  19.95719073],
       [ 16.68940506,  22.20072889,  28.71710053],
       [ 17.94951385,  -2.31123826,  16.83175058],
       [-22.90353445,   8.39526128, -21.39880276],
       [ 26.68013502,   1.31089931,  -5.1202836 ],
       [ 30.        ,  30.        , -16.11484902],
       [ -2.05809828,  -9.37148794,  30.        ],
       [ -1.46708644,  28.66861262, -25.61000715],
       [-14.92529125,  18.77630685, -26.47598894],
       [-18.31278375,   5.26549963,  10.06351798],
       [ -5.51744071,   9.5581053 ,  -3.35645073],
       [ 16.68940506,  22.20072889,  28.71710053],
       [ 16.68940506,  22.20072889,  28.71710053],
       [-22.90353445,   8.39526128, -21.39880276],
       [ 26.68013502,   1.31089931,  -5.1202836 ],
       [-15.72950693,   8.6190926 ,  -3.64737368],
       [  3.60955752, -11.28838676, -30.        ],
       [ -2.05809828,  -9.37148794,  30.        ],
       [ -2.05809828,  -9.37148794,  30.        ],
       [  0.63406797,  18.42921894,  -0.65558182],
       [ -3.9346092 ,  10.72857428,  26.01244912],
       [-19.40113063,  12.67255566, -19.81047526],
       [-24.70310028,   7.96381097, -20.06263561],
       [-22.90353445,   8.39526128, -21.39880276],
       [ 26.68013502,   1.31089931,  -5.1202836 ],
       [  3.20163371,  11.33556495,   9.44386579],
       [-16.50562759,  12.82369158,  -5.0213634 ],
       [-20.16429538,   8.79046918, -15.28641161],
       [ -2.88705575,  11.70294837, -13.12277823],
       [ -1.29672022, -18.8607918 ,  28.27311678],
       [ -3.72976165,  16.06956274,  26.01741538],
       [ -2.05809828,  23.52297948,  30.        ],
       [ -2.05809828,  -9.37148794,  30.        ],
       [-22.90353445,   8.39526128, -21.39880276],
       [ 26.68013502,   1.31089931,  -5.1202836 ],
       [ -2.05809828, -22.13678942,  30.        ],
       [ -2.05809828,  29.41194223,  30.        ],
       [-11.93571391,  20.49235213,   8.88443404],
       [-30.        ,  18.38414554,  30.        ],
       [-12.66609104,  -3.58730301,  30.        ],
       [-16.66831988, -10.98255929, -18.62817541],
       [ -3.62852294,  16.7814903 ,  30.        ],
       [ -3.07241034,  12.73436366,  -8.21042594],
       [-22.90353445,   8.39526128, -21.39880276],
       [ 26.68013502,   1.31089931,  -5.1202836 ],
       [ -9.44334094, -22.1609045 , -18.27391679],
       [-11.55318537, -19.0547963 ,  -9.05076007],
       [ -3.80751151,  13.95081796,  30.        ],
       [  8.83179923,  -5.42360321,  30.        ],
       [-17.58810778,  11.78894584, -19.77145786],
       [-22.49575577, -19.49968276, -18.84795914],
       [-17.80281839, -17.58552194,  30.        ],
       [  1.593416  , -28.09137693,  30.        ],
       [-22.90353445,   8.39526128, -21.39880276],
       [ 26.68013502,   1.31089931,  -5.1202836 ],
       [-22.90353445,   8.39526128, -21.39880276],
       [-22.90353445,   8.39526128, -21.39880276],
       [  2.27451468,  30.        ,  30.        ],
       [  1.75071233,   9.5993228 ,  30.        ],
       [-25.22614325, -29.34110131, -21.59879896],
       [-18.76561756,  -4.12216955,  -8.48068665],
       [  4.1647314 ,   6.9210441 , -30.        ],
       [ -9.929898  ,  13.89968544,  30.        ],
       [-22.90353445,   8.39526128, -21.39880276],
       [ 26.68013502,   1.31089931,  -5.1202836 ],
       [  4.59043111,  -1.592288  , -19.19458583],
       [-12.9693227 ,  -1.58417764, -15.13889865],
       [-16.52127607,  13.14822085, -18.58828833],
       [-15.78412661,   6.93527105, -30.        ],
       [-24.58513128,  13.92124242, -27.75812387],
       [-23.49459476,   4.96214941, -25.75557696],
       [ 11.30515062,   8.30568831, -17.6763771 ],
       [ -8.95603948,   7.06965605, -24.847873  ],
       [-22.90353445,   8.39526128, -21.39880276],
       [ 26.68013502,   1.31089931,  -5.1202836 ],
       [-12.9693227 ,  -1.58417764, -15.13889865],
       [-12.9693227 ,  -1.58417764, -15.13889865],
       [-10.63336372,  11.03764066, -19.26825457],
       [-14.12052085,   0.87485668, -20.22775367],
       [ -6.85199659,  12.99356489, -27.9131545 ],
       [ -9.80095761,  15.20894436, -19.08334937],
       [-13.55521564,   2.45747643, -26.97771093],
       [-12.09446485,  10.30821557, -11.77366508],
       [-22.90353445,   8.39526128, -21.39880276],
       [ 26.68013502,   1.31089931,  -5.1202836 ],
       [-12.9693227 ,  -1.58417764, -15.13889865],
       [-12.9693227 ,  -1.58417764, -15.13889865],
       [ -9.51893219,  13.73319863, -18.53966738],
       [ -8.3777999 ,  19.96410114, -15.52602232],
       [-12.9693227 ,  -1.58417764, -21.81857956],
       [-12.9693227 ,  -1.58417764, -15.13889865],
       [-12.9693227 ,  -1.58417764, -15.13889865],
       [-12.9693227 ,  -1.58417764, -26.34029959],
       [-22.90353445,   8.39526128, -21.39880276],
       [ 26.68013502,   1.31089931,  -5.1202836 ]])
最小値:80.16318612960072
入力値:[-12.66609104  -3.58730301  30.        ]
経過時間:471.0490355491638sec
num_evaluation of BBF = 100.0current_best_fitness=87.4998067943795,  best_fitness=inf
Generation 1: Best Fitness = 87.4998067943795, Best Individual = [-3.74476732 23.50638005 27.81976563]current_best_fitness=84.29307194031631,  best_fitness=87.4998067943795
Generation 2: Best Fitness = 84.29307194031631, Best Individual = [-2.05809828 -9.37148794 30.        ]
Generation 3: Best Fitness = 84.29307194031631, Best Individual = [-2.05809828 -9.37148794 30.        ]current_best_fitness=83.68772516004971,  best_fitness=84.29307194031631
Generation 4: Best Fitness = 83.68772516004971, Best Individual = [ -1.29672022 -18.8607918   28.27311678]current_best_fitness=80.16318612960072,  best_fitness=83.68772516004971
Generation 5: Best Fitness = 80.16318612960072, Best Individual = [-12.66609104  -3.58730301  30.        ]
Generation 6: Best Fitness = 80.16318612960072, Best Individual = [-12.66609104  -3.58730301  30.        ]
Generation 7: Best Fitness = 80.16318612960072, Best Individual = [-12.66609104  -3.58730301  30.        ]
Generation 8: Best Fitness = 80.16318612960072, Best Individual = [-12.66609104  -3.58730301  30.        ]
Generation 9: Best Fitness = 80.16318612960072, Best Individual = [-12.66609104  -3.58730301  30.        ]
Generation 10: Best Fitness = 80.16318612960072, Best Individual = [-12.66609104  -3.58730301  30.        ]
Generation 11: Best Fitness = 80.16318612960072, Best Individual = [-12.66609104  -3.58730301  30.        ]
Generation 12: Best Fitness = 80.16318612960072, Best Individual = [-12.66609104  -3.58730301  30.        ]
Generation 13: Best Fitness = 80.16318612960072, Best Individual = [-12.66609104  -3.58730301  30.        ]
Generation 14: Best Fitness = 80.16318612960072, Best Individual = [-12.66609104  -3.58730301  30.        ]
Generation 15: Best Fitness = 80.16318612960072, Best Individual = [-12.66609104  -3.58730301  30.        ]
gene_history=array([[  2.92881024,  12.91136198,   6.16580256],
       [  2.69299098,  -4.58071204,   8.75364678],
       [ -3.74476732,  23.50638005,  27.81976563],
       [ -6.99350887,  17.50350228,   1.73369519],
       [  4.08267367,  25.5357983 , -25.73783651],
       [-24.77224202, -28.78689615,  19.95719073],
       [ 16.68940506,  22.20072889,  28.71710053],
       [ 17.94951385,  -2.31123826,  16.83175058],
       [-22.90353445,   8.39526128, -21.39880276],
       [ 26.68013502,   1.31089931,  -5.1202836 ],
       [ 30.        ,  30.        , -16.11484902],
       [ -2.05809828,  -9.37148794,  30.        ],
       [ -1.46708644,  28.66861262, -25.61000715],
       [-14.92529125,  18.77630685, -26.47598894],
       [-18.31278375,   5.26549963,  10.06351798],
       [ -5.51744071,   9.5581053 ,  -3.35645073],
       [ 16.68940506,  22.20072889,  28.71710053],
       [ 16.68940506,  22.20072889,  28.71710053],
       [-22.90353445,   8.39526128, -21.39880276],
       [ 26.68013502,   1.31089931,  -5.1202836 ],
       [-15.72950693,   8.6190926 ,  -3.64737368],
       [  3.60955752, -11.28838676, -30.        ],
       [ -2.05809828,  -9.37148794,  30.        ],
       [ -2.05809828,  -9.37148794,  30.        ],
       [  0.63406797,  18.42921894,  -0.65558182],
       [ -3.9346092 ,  10.72857428,  26.01244912],
       [-19.40113063,  12.67255566, -19.81047526],
       [-24.70310028,   7.96381097, -20.06263561],
       [-22.90353445,   8.39526128, -21.39880276],
       [ 26.68013502,   1.31089931,  -5.1202836 ],
       [  3.20163371,  11.33556495,   9.44386579],
       [-16.50562759,  12.82369158,  -5.0213634 ],
       [-20.16429538,   8.79046918, -15.28641161],
       [ -2.88705575,  11.70294837, -13.12277823],
       [ -1.29672022, -18.8607918 ,  28.27311678],
       [ -3.72976165,  16.06956274,  26.01741538],
       [ -2.05809828,  23.52297948,  30.        ],
       [ -2.05809828,  -9.37148794,  30.        ],
       [-22.90353445,   8.39526128, -21.39880276],
       [ 26.68013502,   1.31089931,  -5.1202836 ],
       [ -2.05809828, -22.13678942,  30.        ],
       [ -2.05809828,  29.41194223,  30.        ],
       [-11.93571391,  20.49235213,   8.88443404],
       [-30.        ,  18.38414554,  30.        ],
       [-12.66609104,  -3.58730301,  30.        ],
       [-16.66831988, -10.98255929, -18.62817541],
       [ -3.62852294,  16.7814903 ,  30.        ],
       [ -3.07241034,  12.73436366,  -8.21042594],
       [-22.90353445,   8.39526128, -21.39880276],
       [ 26.68013502,   1.31089931,  -5.1202836 ],
       [ -9.44334094, -22.1609045 , -18.27391679],
       [-11.55318537, -19.0547963 ,  -9.05076007],
       [ -3.80751151,  13.95081796,  30.        ],
       [  8.83179923,  -5.42360321,  30.        ],
       [-17.58810778,  11.78894584, -19.77145786],
       [-22.49575577, -19.49968276, -18.84795914],
       [-17.80281839, -17.58552194,  30.        ],
       [  1.593416  , -28.09137693,  30.        ],
       [-22.90353445,   8.39526128, -21.39880276],
       [ 26.68013502,   1.31089931,  -5.1202836 ],
       [-22.90353445,   8.39526128, -21.39880276],
       [-22.90353445,   8.39526128, -21.39880276],
       [  2.27451468,  30.        ,  30.        ],
       [  1.75071233,   9.5993228 ,  30.        ],
       [-25.22614325, -29.34110131, -21.59879896],
       [-18.76561756,  -4.12216955,  -8.48068665],
       [  4.1647314 ,   6.9210441 , -30.        ],
       [ -9.929898  ,  13.89968544,  30.        ],
       [-22.90353445,   8.39526128, -21.39880276],
       [ 26.68013502,   1.31089931,  -5.1202836 ],
       [  4.59043111,  -1.592288  , -19.19458583],
       [-12.9693227 ,  -1.58417764, -15.13889865],
       [-16.52127607,  13.14822085, -18.58828833],
       [-15.78412661,   6.93527105, -30.        ],
       [-24.58513128,  13.92124242, -27.75812387],
       [-23.49459476,   4.96214941, -25.75557696],
       [ 11.30515062,   8.30568831, -17.6763771 ],
       [ -8.95603948,   7.06965605, -24.847873  ],
       [-22.90353445,   8.39526128, -21.39880276],
       [ 26.68013502,   1.31089931,  -5.1202836 ],
       [-12.9693227 ,  -1.58417764, -15.13889865],
       [-12.9693227 ,  -1.58417764, -15.13889865],
       [-10.63336372,  11.03764066, -19.26825457],
       [-14.12052085,   0.87485668, -20.22775367],
       [ -6.85199659,  12.99356489, -27.9131545 ],
       [ -9.80095761,  15.20894436, -19.08334937],
       [-13.55521564,   2.45747643, -26.97771093],
       [-12.09446485,  10.30821557, -11.77366508],
       [-22.90353445,   8.39526128, -21.39880276],
       [ 26.68013502,   1.31089931,  -5.1202836 ],
       [-12.9693227 ,  -1.58417764, -15.13889865],
       [-12.9693227 ,  -1.58417764, -15.13889865],
       [ -9.51893219,  13.73319863, -18.53966738],
       [ -8.3777999 ,  19.96410114, -15.52602232],
       [-12.9693227 ,  -1.58417764, -21.81857956],
       [-12.9693227 ,  -1.58417764, -15.13889865],
       [-12.9693227 ,  -1.58417764, -15.13889865],
       [-12.9693227 ,  -1.58417764, -26.34029959],
       [-22.90353445,   8.39526128, -21.39880276],
       [ 26.68013502,   1.31089931,  -5.1202836 ],
       [-12.9693227 ,  -1.58417764, -15.13889865],
       [-12.9693227 ,  -1.58417764, -15.13889865],
       [-12.9693227 ,  -1.58417764, -14.58812648],
       [-12.9693227 ,  -1.58417764, -15.74076379],
       [-12.9693227 ,  12.05133897, -15.13889865],
       [-12.9693227 ,  -1.58417764, -15.13889865],
       [-12.9693227 ,  -1.58417764, -15.13889865],
       [-12.9693227 ,  28.02329508, -15.13889865],
       [-22.90353445,   8.39526128, -21.39880276],
       [ 26.68013502,   1.31089931,  -5.1202836 ],
       [-12.9693227 ,  -1.58417764, -15.74076379],
       [-12.9693227 ,  -1.58417764, -15.74076379],
       [-12.9693227 ,  -1.58417764, -15.13889865],
       [-12.9693227 ,  -1.58417764,  -6.04665698],
       [-12.9693227 ,  -1.58417764, -15.13889865],
       [-12.9693227 ,  -1.58417764, -15.13889865],
       [-12.9693227 ,  -1.58417764, -15.13889865],
       [-12.9693227 ,  18.98526187, -15.13889865],
       [-22.90353445,   8.39526128, -21.39880276],
       [ 26.68013502,   1.31089931,  -5.1202836 ],
       [-12.9693227 ,  -1.58417764, -15.08645529],
       [-12.9693227 ,  -1.58417764, -15.38103342],
       [-12.9693227 ,  -1.58417764, -16.01598627],
       [-12.9693227 ,  -1.58417764, -14.8584414 ],
       [-12.9693227 ,  -1.58417764, -15.98024224],
       [-12.9693227 ,  -1.58417764, -14.9019959 ],
       [-12.9693227 ,  -1.58417764, -15.74076379],
       [-12.9693227 ,  -1.58417764, -29.14490909],
       [-22.90353445,   8.39526128, -21.39880276],
       [ 26.68013502,   1.31089931,  -5.1202836 ],
       [-12.9693227 ,  -1.58417764, -21.60654853],
       [-12.9693227 ,  -1.58417764, -21.32164942],
       [-12.9693227 ,  -1.58417764, -15.8660505 ],
       [-12.9693227 ,  -1.58417764, -15.9959206 ],
       [-12.9693227 ,  -1.58417764, -14.87109665],
       [-12.9693227 ,  21.62172376, -15.12152539],
       [-12.9693227 ,  -1.58417764, -14.90178289],
       [-12.9693227 ,  -1.58417764, -14.7624355 ],
       [-22.90353445,   8.39526128, -21.39880276],
       [ 26.68013502,   1.31089931,  -5.1202836 ],
       [-12.9693227 ,  -1.58417764, -16.26790728],
       [-12.9693227 ,  -1.58417764, -15.0122122 ],
       [-12.9693227 ,  -1.58417764, -15.95933506],
       [-12.9693227 ,  -1.58417764, -16.05225988],
       [-12.9693227 ,  -1.58417764, -18.89938848],
       [-12.9693227 ,  -1.58417764, -17.69155409],
       [-12.9693227 ,  -1.58417764, -22.00600917],
       [-12.9693227 ,  -1.58417764, -22.94207907],
       [-22.90353445,   8.39526128, -21.39880276],
       [ 26.68013502,   1.31089931,  -5.1202836 ]])
最小値:80.16318612960072
入力値:[-12.66609104  -3.58730301  30.        ]
経過時間:693.0481405258179sec
num_evaluation of BBF = 150.0current_best_fitness=87.4998067943795,  best_fitness=inf
Generation 1: Best Fitness = 87.4998067943795, Best Individual = [-3.74476732 23.50638005 27.81976563]current_best_fitness=84.29307194031631,  best_fitness=87.4998067943795
Generation 2: Best Fitness = 84.29307194031631, Best Individual = [-2.05809828 -9.37148794 30.        ]
Generation 3: Best Fitness = 84.29307194031631, Best Individual = [-2.05809828 -9.37148794 30.        ]current_best_fitness=83.68772516004971,  best_fitness=84.29307194031631
Generation 4: Best Fitness = 83.68772516004971, Best Individual = [ -1.29672022 -18.8607918   28.27311678]current_best_fitness=80.16318612960072,  best_fitness=83.68772516004971
Generation 5: Best Fitness = 80.16318612960072, Best Individual = [-12.66609104  -3.58730301  30.        ]
Generation 6: Best Fitness = 80.16318612960072, Best Individual = [-12.66609104  -3.58730301  30.        ]
Generation 7: Best Fitness = 80.16318612960072, Best Individual = [-12.66609104  -3.58730301  30.        ]
Generation 8: Best Fitness = 80.16318612960072, Best Individual = [-12.66609104  -3.58730301  30.        ]
Generation 9: Best Fitness = 80.16318612960072, Best Individual = [-12.66609104  -3.58730301  30.        ]
Generation 10: Best Fitness = 80.16318612960072, Best Individual = [-12.66609104  -3.58730301  30.        ]
Generation 11: Best Fitness = 80.16318612960072, Best Individual = [-12.66609104  -3.58730301  30.        ]
Generation 12: Best Fitness = 80.16318612960072, Best Individual = [-12.66609104  -3.58730301  30.        ]
Generation 13: Best Fitness = 80.16318612960072, Best Individual = [-12.66609104  -3.58730301  30.        ]
Generation 14: Best Fitness = 80.16318612960072, Best Individual = [-12.66609104  -3.58730301  30.        ]
Generation 15: Best Fitness = 80.16318612960072, Best Individual = [-12.66609104  -3.58730301  30.        ]
Generation 16: Best Fitness = 80.16318612960072, Best Individual = [-12.66609104  -3.58730301  30.        ]
Generation 17: Best Fitness = 80.16318612960072, Best Individual = [-12.66609104  -3.58730301  30.        ]
Generation 18: Best Fitness = 80.16318612960072, Best Individual = [-12.66609104  -3.58730301  30.        ]
Generation 19: Best Fitness = 80.16318612960072, Best Individual = [-12.66609104  -3.58730301  30.        ]
Generation 20: Best Fitness = 80.16318612960072, Best Individual = [-12.66609104  -3.58730301  30.        ]
gene_history=array([[  2.92881024,  12.91136198,   6.16580256],
       [  2.69299098,  -4.58071204,   8.75364678],
       [ -3.74476732,  23.50638005,  27.81976563],
       [ -6.99350887,  17.50350228,   1.73369519],
       [  4.08267367,  25.5357983 , -25.73783651],
       [-24.77224202, -28.78689615,  19.95719073],
       [ 16.68940506,  22.20072889,  28.71710053],
       [ 17.94951385,  -2.31123826,  16.83175058],
       [-22.90353445,   8.39526128, -21.39880276],
       [ 26.68013502,   1.31089931,  -5.1202836 ],
       [ 30.        ,  30.        , -16.11484902],
       [ -2.05809828,  -9.37148794,  30.        ],
       [ -1.46708644,  28.66861262, -25.61000715],
       [-14.92529125,  18.77630685, -26.47598894],
       [-18.31278375,   5.26549963,  10.06351798],
       [ -5.51744071,   9.5581053 ,  -3.35645073],
       [ 16.68940506,  22.20072889,  28.71710053],
       [ 16.68940506,  22.20072889,  28.71710053],
       [-22.90353445,   8.39526128, -21.39880276],
       [ 26.68013502,   1.31089931,  -5.1202836 ],
       [-15.72950693,   8.6190926 ,  -3.64737368],
       [  3.60955752, -11.28838676, -30.        ],
       [ -2.05809828,  -9.37148794,  30.        ],
       [ -2.05809828,  -9.37148794,  30.        ],
       [  0.63406797,  18.42921894,  -0.65558182],
       [ -3.9346092 ,  10.72857428,  26.01244912],
       [-19.40113063,  12.67255566, -19.81047526],
       [-24.70310028,   7.96381097, -20.06263561],
       [-22.90353445,   8.39526128, -21.39880276],
       [ 26.68013502,   1.31089931,  -5.1202836 ],
       [  3.20163371,  11.33556495,   9.44386579],
       [-16.50562759,  12.82369158,  -5.0213634 ],
       [-20.16429538,   8.79046918, -15.28641161],
       [ -2.88705575,  11.70294837, -13.12277823],
       [ -1.29672022, -18.8607918 ,  28.27311678],
       [ -3.72976165,  16.06956274,  26.01741538],
       [ -2.05809828,  23.52297948,  30.        ],
       [ -2.05809828,  -9.37148794,  30.        ],
       [-22.90353445,   8.39526128, -21.39880276],
       [ 26.68013502,   1.31089931,  -5.1202836 ],
       [ -2.05809828, -22.13678942,  30.        ],
       [ -2.05809828,  29.41194223,  30.        ],
       [-11.93571391,  20.49235213,   8.88443404],
       [-30.        ,  18.38414554,  30.        ],
       [-12.66609104,  -3.58730301,  30.        ],
       [-16.66831988, -10.98255929, -18.62817541],
       [ -3.62852294,  16.7814903 ,  30.        ],
       [ -3.07241034,  12.73436366,  -8.21042594],
       [-22.90353445,   8.39526128, -21.39880276],
       [ 26.68013502,   1.31089931,  -5.1202836 ],
       [ -9.44334094, -22.1609045 , -18.27391679],
       [-11.55318537, -19.0547963 ,  -9.05076007],
       [ -3.80751151,  13.95081796,  30.        ],
       [  8.83179923,  -5.42360321,  30.        ],
       [-17.58810778,  11.78894584, -19.77145786],
       [-22.49575577, -19.49968276, -18.84795914],
       [-17.80281839, -17.58552194,  30.        ],
       [  1.593416  , -28.09137693,  30.        ],
       [-22.90353445,   8.39526128, -21.39880276],
       [ 26.68013502,   1.31089931,  -5.1202836 ],
       [-22.90353445,   8.39526128, -21.39880276],
       [-22.90353445,   8.39526128, -21.39880276],
       [  2.27451468,  30.        ,  30.        ],
       [  1.75071233,   9.5993228 ,  30.        ],
       [-25.22614325, -29.34110131, -21.59879896],
       [-18.76561756,  -4.12216955,  -8.48068665],
       [  4.1647314 ,   6.9210441 , -30.        ],
       [ -9.929898  ,  13.89968544,  30.        ],
       [-22.90353445,   8.39526128, -21.39880276],
       [ 26.68013502,   1.31089931,  -5.1202836 ],
       [  4.59043111,  -1.592288  , -19.19458583],
       [-12.9693227 ,  -1.58417764, -15.13889865],
       [-16.52127607,  13.14822085, -18.58828833],
       [-15.78412661,   6.93527105, -30.        ],
       [-24.58513128,  13.92124242, -27.75812387],
       [-23.49459476,   4.96214941, -25.75557696],
       [ 11.30515062,   8.30568831, -17.6763771 ],
       [ -8.95603948,   7.06965605, -24.847873  ],
       [-22.90353445,   8.39526128, -21.39880276],
       [ 26.68013502,   1.31089931,  -5.1202836 ],
       [-12.9693227 ,  -1.58417764, -15.13889865],
       [-12.9693227 ,  -1.58417764, -15.13889865],
       [-10.63336372,  11.03764066, -19.26825457],
       [-14.12052085,   0.87485668, -20.22775367],
       [ -6.85199659,  12.99356489, -27.9131545 ],
       [ -9.80095761,  15.20894436, -19.08334937],
       [-13.55521564,   2.45747643, -26.97771093],
       [-12.09446485,  10.30821557, -11.77366508],
       [-22.90353445,   8.39526128, -21.39880276],
       [ 26.68013502,   1.31089931,  -5.1202836 ],
       [-12.9693227 ,  -1.58417764, -15.13889865],
       [-12.9693227 ,  -1.58417764, -15.13889865],
       [ -9.51893219,  13.73319863, -18.53966738],
       [ -8.3777999 ,  19.96410114, -15.52602232],
       [-12.9693227 ,  -1.58417764, -21.81857956],
       [-12.9693227 ,  -1.58417764, -15.13889865],
       [-12.9693227 ,  -1.58417764, -15.13889865],
       [-12.9693227 ,  -1.58417764, -26.34029959],
       [-22.90353445,   8.39526128, -21.39880276],
       [ 26.68013502,   1.31089931,  -5.1202836 ],
       [-12.9693227 ,  -1.58417764, -15.13889865],
       [-12.9693227 ,  -1.58417764, -15.13889865],
       [-12.9693227 ,  -1.58417764, -14.58812648],
       [-12.9693227 ,  -1.58417764, -15.74076379],
       [-12.9693227 ,  12.05133897, -15.13889865],
       [-12.9693227 ,  -1.58417764, -15.13889865],
       [-12.9693227 ,  -1.58417764, -15.13889865],
       [-12.9693227 ,  28.02329508, -15.13889865],
       [-22.90353445,   8.39526128, -21.39880276],
       [ 26.68013502,   1.31089931,  -5.1202836 ],
       [-12.9693227 ,  -1.58417764, -15.74076379],
       [-12.9693227 ,  -1.58417764, -15.74076379],
       [-12.9693227 ,  -1.58417764, -15.13889865],
       [-12.9693227 ,  -1.58417764,  -6.04665698],
       [-12.9693227 ,  -1.58417764, -15.13889865],
       [-12.9693227 ,  -1.58417764, -15.13889865],
       [-12.9693227 ,  -1.58417764, -15.13889865],
       [-12.9693227 ,  18.98526187, -15.13889865],
       [-22.90353445,   8.39526128, -21.39880276],
       [ 26.68013502,   1.31089931,  -5.1202836 ],
       [-12.9693227 ,  -1.58417764, -15.08645529],
       [-12.9693227 ,  -1.58417764, -15.38103342],
       [-12.9693227 ,  -1.58417764, -16.01598627],
       [-12.9693227 ,  -1.58417764, -14.8584414 ],
       [-12.9693227 ,  -1.58417764, -15.98024224],
       [-12.9693227 ,  -1.58417764, -14.9019959 ],
       [-12.9693227 ,  -1.58417764, -15.74076379],
       [-12.9693227 ,  -1.58417764, -29.14490909],
       [-22.90353445,   8.39526128, -21.39880276],
       [ 26.68013502,   1.31089931,  -5.1202836 ],
       [-12.9693227 ,  -1.58417764, -21.60654853],
       [-12.9693227 ,  -1.58417764, -21.32164942],
       [-12.9693227 ,  -1.58417764, -15.8660505 ],
       [-12.9693227 ,  -1.58417764, -15.9959206 ],
       [-12.9693227 ,  -1.58417764, -14.87109665],
       [-12.9693227 ,  21.62172376, -15.12152539],
       [-12.9693227 ,  -1.58417764, -14.90178289],
       [-12.9693227 ,  -1.58417764, -14.7624355 ],
       [-22.90353445,   8.39526128, -21.39880276],
       [ 26.68013502,   1.31089931,  -5.1202836 ],
       [-12.9693227 ,  -1.58417764, -16.26790728],
       [-12.9693227 ,  -1.58417764, -15.0122122 ],
       [-12.9693227 ,  -1.58417764, -15.95933506],
       [-12.9693227 ,  -1.58417764, -16.05225988],
       [-12.9693227 ,  -1.58417764, -18.89938848],
       [-12.9693227 ,  -1.58417764, -17.69155409],
       [-12.9693227 ,  -1.58417764, -22.00600917],
       [-12.9693227 ,  -1.58417764, -22.94207907],
       [-22.90353445,   8.39526128, -21.39880276],
       [ 26.68013502,   1.31089931,  -5.1202836 ],
       [-12.9693227 ,  -1.58417764, -16.62830353],
       [-29.97795937,  -1.58417764, -15.17671191],
       [-12.9693227 ,  -1.58417764, -15.68822604],
       [-12.9693227 ,  -1.58417764, -14.6730169 ],
       [-12.9693227 ,  -1.58417764, -23.587151  ],
       [-12.9693227 ,  -1.58417764, -19.0619993 ],
       [-12.9693227 ,  -1.58417764, -14.72076683],
       [-12.9693227 ,  -1.58417764, -14.81384491],
       [-22.90353445,   8.39526128, -21.39880276],
       [ 26.68013502,   1.31089931,  -5.1202836 ],
       [-12.9693227 ,  -1.58417764, -14.55475735],
       [-12.9693227 ,   0.7421899 , -16.04553824],
       [  8.55453878,  -1.58417764, -14.6730169 ],
       [-12.9693227 ,  -1.58417764, -14.6730169 ],
       [-12.9693227 ,  -1.58417764, -16.42913725],
       [-12.9693227 ,  -1.58417764, -14.41792059],
       [-12.9693227 ,  -1.58417764, -16.11650376],
       [-12.9693227 ,  -1.58417764, -16.00849539],
       [-22.90353445,   8.39526128, -21.39880276],
       [ 26.68013502,   1.31089931,  -5.1202836 ],
       [-12.9693227 ,  -1.58417764, -14.03803928],
       [-12.9693227 ,  -1.58417764, -14.92891778],
       [-12.9693227 ,  -1.58417764, -16.31215654],
       [-12.9693227 ,  -1.58417764, -16.34990514],
       [-12.9693227 ,  -1.58417764, -16.09827478],
       [-12.9693227 ,  -1.58417764, -16.45247071],
       [-12.9693227 ,  -2.22592064, -16.0402469 ],
       [-21.24953005,  -0.6786374 , -15.9951506 ],
       [-22.90353445,   8.39526128, -21.39880276],
       [ 26.68013502,   1.31089931,  -5.1202836 ],
       [-12.9693227 ,  -1.58417764, -16.33991138],
       [-12.9693227 ,  -1.58417764, -16.1914877 ],
       [-12.9693227 ,   3.22596442, -16.3148518 ],
       [-12.9693227 ,  -1.58417764, -16.35923905],
       [-12.9693227 ,  -1.57032545, -15.90527152],
       [-12.9693227 ,  -2.25541801, -16.38004604],
       [-12.9693227 ,  -1.58417764, -16.34990514],
       [-12.9693227 ,  -1.58417764, -16.34990514],
       [-22.90353445,   8.39526128, -21.39880276],
       [ 26.68013502,   1.31089931,  -5.1202836 ],
       [-12.9693227 ,  -1.33789164, -16.37896979],
       [-12.9693227 ,  -2.59093925, -16.37844703],
       [-12.9693227 ,  -1.58417764, -16.34990514],
       [-12.9693227 ,  -1.58417764, -16.34990514],
       [-12.9693227 ,  -1.56780906, -16.134769  ],
       [-12.9693227 ,  -1.58711496, -15.85549583],
       [-12.9693227 ,  -1.57978158, -16.03782836],
       [-12.9693227 ,  -1.5865379 , -16.31902689],
       [-22.90353445,   8.39526128, -21.39880276],
       [ 26.68013502,   1.31089931,  -5.1202836 ]])
最小値:80.16318612960072
入力値:[-12.66609104  -3.58730301  30.        ]
経過時間:912.9194405078888sec
num_evaluation of BBF = 200.0