w=0.65w=0.4
position_history=[[2.9288102356394887, 12.91136198234517, 6.16580256429863],
 [-3.744767324238449, 23.50638004692479, 27.81976563006176],
 [4.082673665635937, 25.535798297559666, -25.737836508126783],
 [16.689405056991028, 22.200728894809153, 28.71710053396584],
 [-22.903534447864008, 8.395261279651429, -21.398802755457215],
 [-5.182578185779786, 25.884966904568458, 30.0],
 [-3.896293349764938, 23.885622596432253, 27.857329025740537],
 [-1.3920518515369373, 23.43583966122521, 30.0],
 [8.541863909525015, 22.57187998148549, 27.909674670197337],
 [-16.234142390091094, 11.759447832103277, 30.0]]
最小値:81.13327666605784
入力値:[-16.23414239  11.75944783  30.        ]
経過時間:43.755266189575195sec
num_evaluation of BBF = 10.0w=0.7333333333333334w=0.5666666666666667w=0.4
position_history=[[2.9288102356394887, 12.91136198234517, 6.16580256429863],
 [-3.744767324238449, 23.50638004692479, 27.81976563006176],
 [4.082673665635937, 25.535798297559666, -25.737836508126783],
 [16.689405056991028, 22.200728894809153, 28.71710053396584],
 [-22.903534447864008, 8.395261279651429, -21.398802755457215],
 [-14.126663273722382, 16.454021366053, -2.630980067007087],
 [6.725743363345288, 7.016039812485417, 26.624884710877453],
 [11.857871755635891, -26.38647170224381, 10.00600292674006],
 [-11.074298944548968, -8.177353743442644, 4.2118062250727775],
 [-17.46739463430992, -20.321428926900225, 9.186499527923907],
 [-19.998276763477445, 8.703906617753182, 3.105098033345175],
 [-18.23412232605395, -14.393285427684233, -7.042864298344554],
 [-5.500047753370932, 16.826747332633836, -6.203028831956836],
 [-14.333739171691388, 6.020184185282687, 3.4838482323388646],
 [-14.71449904434246, -13.694165094225202, -14.77311820645395],
 [-10.445791160422143, 14.75769338134166, 8.886070933140576],
 [-19.180556261222538, -22.427833748623193, 15.381884117842912],
 [1.8766484714946792, 7.8861943256858, 4.280296708597862],
 [-11.164350058137565, -7.461072114289113, 3.6281386141698855],
 [-8.555993596660318, -8.194597822541093, -0.7007886463867834],
 [-30.0, -3.862244086174881, 2.8319377229481053],
 [-16.09874122396928, 14.683598625962219, 15.927189060506826],
 [-6.875893286389633, 0.32081384651086253, -1.9788394283180484],
 [-3.8521888488034026, -9.03069705378807, 30.0],
 [-24.045353535708905, 14.921429867453643, -18.084821814179215],
 [-9.374776129215672, -12.308263661078602, 11.60583480134791],
 [-18.57073392585719, 26.650041820419354, -2.5840906448204883],
 [-5.60358833703954, 20.990462809765027, 5.0866150378213595],
 [-11.062645905704112, -7.662473145200959, 3.7221559584904877],
 [-4.335700025474953, -1.3012932179773733, -0.632204870422826]]
最小値:81.6145008212835
入力値:[-3.85218885 -9.03069705 30.        ]
経過時間:122.27745270729065sec
num_evaluation of BBF = 30.0w=0.8w=0.7w=0.6000000000000001w=0.5w=0.4
position_history=[[2.9288102356394887, 12.91136198234517, 6.16580256429863],
 [-3.744767324238449, 23.50638004692479, 27.81976563006176],
 [4.082673665635937, 25.535798297559666, -25.737836508126783],
 [16.689405056991028, 22.200728894809153, 28.71710053396584],
 [-22.903534447864008, 8.395261279651429, -21.398802755457215],
 [-14.126663273722382, 16.454021366053, -2.630980067007087],
 [6.725743363345288, 7.016039812485417, 26.624884710877453],
 [11.857871755635891, -26.38647170224381, 10.00600292674006],
 [-11.074298944548968, -8.177353743442644, 4.2118062250727775],
 [-17.46739463430992, -20.321428926900225, 9.186499527923907],
 [-19.992292339077856, 8.693727257665035, 3.1245505817540624],
 [-18.24966345687718, -14.354388755939873, -7.039011642377503],
 [-5.555097180077393, 16.76277645229254, -6.1586795192171095],
 [-14.293851363129157, 6.0150481002497465, 3.52125212251039],
 [-14.655209855402516, -13.691251984658528, -14.784496614455213],
 [-10.436666633906324, 14.693532021399841, 8.901755666084027],
 [-19.156313554675407, -22.44656602854669, 15.37348837834949],
 [1.8994001874437672, 7.847578667162317, 4.230820214951843],
 [-11.172536523009255, -7.3959556025478825, 3.5750779222696223],
 [-8.588888049655015, -8.199089719493585, -0.7348652341199031],
 [-30.0, -4.434403369632101, 2.4312290023900673],
 [-18.043848038215273, 9.625152371990612, 11.277692364513161],
 [-8.110323265131179, -0.820466827630149, 0.5637349612151592],
 [-8.01443590275127, -11.185126617738621, 30.0],
 [-22.979442621744646, 11.97190608489592, -17.194312101888315],
 [-8.883214292189967, -12.570486482941062, 13.155332524819418],
 [-22.022057362367256, 22.75093463091222, -4.073434046418948],
 [-6.967899256097288, 25.508664874167906, 4.326256536382977],
 [-11.074684882331104, -7.51147939930211, 3.592745190851677],
 [-3.1925987421671467, 0.3135646049934131, -1.969100198193951],
 [-15.869086655501814, -20.275919729343926, 30.0],
 [-14.1855460015886, -15.292428762777163, 30.0],
 [-9.632330389914296, -20.37557385773749, 22.95339609023469],
 [-4.246786626524536, -21.505231448531646, 30.0],
 [1.666875722195094, 17.32441980499204, 30.0],
 [-7.395094917391544, -27.86642660806564, 30.0],
 [-16.07815709300132, -4.295697443309731, -3.0910792913728855],
 [21.602880108047636, -30.0, 19.870841405030035],
 [-9.745989074297304, -11.391195980376875, 23.39672315480026],
 [-13.288741493141487, -2.0084822558816193, 30.0],
 [0.7791210672282283, -30.0, 30.0],
 [-5.628724667554076, -28.856590319988015, 14.126996320523872],
 [-6.089177575513986, -30.0, 30.0],
 [-7.33691442202654, -30.0, 30.0],
 [-30.0, -30.0, 14.732854363178912],
 [-6.651035229992333, -30.0, 30.0],
 [-2.376083492758461, -18.44301825887554, 20.380761835184998],
 [7.04158500092147, -30.0, 30.0],
 [-7.041219517753712, -15.438090453723218, 27.306467736281206],
 [-7.6509774412042955, -30.0, 30.0]]
最小値:77.00820500834878
入力値:[ -7.39509492 -27.86642661  30.        ]
経過時間:217.78459644317627sec
num_evaluation of BBF = 50.0w=0.85w=0.8w=0.75w=0.7w=0.65w=0.6000000000000001w=0.55w=0.5w=0.45w=0.4
position_history=[[2.9288102356394887, 12.91136198234517, 6.16580256429863],
 [-3.744767324238449, 23.50638004692479, 27.81976563006176],
 [4.082673665635937, 25.535798297559666, -25.737836508126783],
 [16.689405056991028, 22.200728894809153, 28.71710053396584],
 [-22.903534447864008, 8.395261279651429, -21.398802755457215],
 [-14.126663273722382, 16.454021366053, -2.630980067007087],
 [6.725743363345288, 7.016039812485417, 26.624884710877453],
 [11.857871755635891, -26.38647170224381, 10.00600292674006],
 [-11.074298944548968, -8.177353743442644, 4.2118062250727775],
 [-17.46739463430992, -20.321428926900225, 9.186499527923907],
 [-19.987804020778167, 8.686092737598926, 3.139139993060728],
 [-18.2613193049946, -14.32521625213161, -7.036122150402214],
 [-5.59638425010724, 16.714798292036576, -6.1254175346623185],
 [-14.263935506707487, 6.011196036475038, 3.5493050401390356],
 [-14.610742963697557, -13.68906715248352, -14.79303042045616],
 [-10.42982323901946, 14.645411001443478, 8.913519215791613],
 [-19.138131524765058, -22.46061523848931, 15.367191573729425],
 [1.9164639744055822, 7.818616923269701, 4.193712844717328],
 [-11.178676371663023, -7.34711821874196, 3.535282403344425],
 [-8.613558889401038, -8.202458642207954, -0.7604226749197434],
 [-30.0, -4.865304220240439, 2.134101657943094],
 [-19.50539784679383, 5.8381245990671715, 7.791244057312143],
 [-9.045779398860969, -1.6876222372956384, 2.478426883094526],
 [-11.129140826713785, -12.801847605582306, 28.44335869869547],
 [-22.169633828206955, 9.760273042151784, -16.52842103907036],
 [-8.51294612228042, -12.778381837327725, 14.320200645688152],
 [-24.606307466104056, 19.823326089795245, -5.191910852029142],
 [-7.987150895099507, 28.890558682228455, 3.747329273916138],
 [-11.085146746153892, -7.386838700323258, 3.486401494040023],
 [-2.341029308960363, 1.5239218902548188, -2.977735096875593],
 [-30.0, 14.099286706219829, -9.317443337487479],
 [-12.505064508401407, 30.0, 8.114083748704873],
 [-13.438754516302696, 3.1999895353250523, 4.148150757781097],
 [-9.443243486674955, -22.52356852224809, 1.4107808077353816],
 [-30.0, 30.0, -2.795978394532453],
 [-17.375591573539907, -8.343070709627305, -4.583406513235767],
 [-28.7074394221083, 30.0, -20.611237671348068],
 [-9.087518367349347, -30.0, 1.5700353950112511],
 [-16.62084406424002, 14.875603196450394, -3.0073553934883783],
 [-30.0, 7.719588278428905, -4.3296875230878555],
 [-29.301273856234687, 2.2828011451707635, -7.0673855459058],
 [-17.576568725329608, 30.0, 21.35399706584264],
 [-30.0, 16.33425109901681, 0.8182461864102888],
 [-28.917260843294926, 30.0, 29.022769561162576],
 [-17.618574501333182, 24.937917434057276, -8.141386775907915],
 [-20.149002137647038, 30.0, 17.30790804062054],
 [-19.339103461773895, 30.0, 5.483724007415027],
 [-25.295598999354965, -17.696745064678005, -4.938768908492227],
 [-27.143423162902195, -5.225459882256041, -5.239393102192618],
 [-11.047628769867071, -0.18745282116232076, 1.0084014744097756],
 [-26.32070840051165, -8.258216430632794, 16.882979706546095],
 [-21.153367332080034, 30.0, 8.628776299933829],
 [-19.48835450061097, 30.0, 4.888195679936917],
 [-30.0, 30.0, 14.453482234078617],
 [-16.5256642237307, 21.02463228313824, -16.43970033862518],
 [-21.53150702160684, 30.0, 17.64149005181409],
 [-13.249685087556532, 30.0, 22.44544909861104],
 [-28.950587415207618, 30.0, 4.287410893356942],
 [-24.47761166096404, 27.172573571228035, 8.903715180493784],
 [-1.2044583339700523, 30.0, 5.962146288633155],
 [-8.963365716546736, 21.934545403606748, 27.782849577714128],
 [-6.400609591176165, 30.0, 15.96683592367479],
 [-7.465013823857831, 30.0, 30.0],
 [12.977076351752466, -30.0, 30.0],
 [-17.258486184816064, 12.120076074254136, -1.3714500132144671],
 [-16.474806904076665, 30.0, 17.99852217490631],
 [-9.596034063026114, 30.0, 30.0],
 [-8.52836318512886, 30.0, 6.095191434277961],
 [-6.417201402764263, 30.0, 18.574841931515415],
 [-18.947185242912088, 30.0, 14.103965822217598],
 [-0.6687637359361744, 30.0, 30.0],
 [0.14085452043802693, 30.0, 30.0],
 [-3.863626450747809, 30.0, 30.0],
 [-13.839328341428818, 10.129837114347502, 30.0],
 [-22.79662970337767, 30.0, -4.86712734043879],
 [-4.204103422564295, 30.0, 30.0],
 [-7.586525999534382, 30.0, 30.0],
 [-4.8510983066277555, 2.8415435186414832, 24.389533679964526],
 [-2.461514296785551, 30.0, 30.0],
 [-27.380257023059173, 30.0, 23.425637783205325],
 [-10.282091423134341, 30.0, 30.0],
 [-21.20659630588191, 30.0, 22.655708421557698],
 [-4.910947240660906, 30.0, 30.0],
 [-24.41719004522605, 30.0, 30.0],
 [-22.742343329197293, 30.0, 30.0],
 [-16.97940312111467, 30.0, 21.812991144880012],
 [-10.236946649345454, 30.0, 30.0],
 [-19.100232603076176, -10.480803785565058, -20.278406362964727],
 [-6.187124773621784, 30.0, 30.0],
 [-19.774120063196285, 30.0, 18.290923497913198],
 [-14.545203798809613, 30.0, 30.0],
 [-11.225638169666398, 30.0, 28.24312259877115],
 [-11.831202682676661, 30.0, 30.0],
 [-12.096348340858528, 16.587506131354537, 30.0],
 [1.344155670168135, -2.363294570693114, -30.0],
 [-20.171684005416186, 30.0, 23.149205218078862],
 [-11.429635941760436, 30.0, 30.0],
 [-24.42962995716101, 30.0, 30.0],
 [-10.742802900650162, 30.0, 19.837541501020574],
 [-12.241471803396962, 30.0, 23.71033563579317]]
最小値:77.1324431140797
入力値:[-10.23694665  30.          30.        ]
経過時間:445.67321014404297sec
num_evaluation of BBF = 100.0w=0.8666666666666667w=0.8333333333333334w=0.8w=0.7666666666666667w=0.7333333333333334w=0.7w=0.6666666666666667w=0.6333333333333333w=0.6000000000000001w=0.5666666666666667w=0.5333333333333334w=0.5w=0.4666666666666667w=0.43333333333333335w=0.4
position_history=[[2.9288102356394887, 12.91136198234517, 6.16580256429863],
 [-3.744767324238449, 23.50638004692479, 27.81976563006176],
 [4.082673665635937, 25.535798297559666, -25.737836508126783],
 [16.689405056991028, 22.200728894809153, 28.71710053396584],
 [-22.903534447864008, 8.395261279651429, -21.398802755457215],
 [-14.126663273722382, 16.454021366053, -2.630980067007087],
 [6.725743363345288, 7.016039812485417, 26.624884710877453],
 [11.857871755635891, -26.38647170224381, 10.00600292674006],
 [-11.074298944548968, -8.177353743442644, 4.2118062250727775],
 [-17.46739463430992, -20.321428926900225, 9.186499527923907],
 [-19.98630791467827, 8.68354789757689, 3.14400313016295],
 [-18.26520458770041, -14.315492084195519, -7.035158986410451],
 [-5.6101466067838555, 16.698805571951254, -6.114330206477387],
 [-14.253963554566926, 6.0099120152168055, 3.5586560126819187],
 [-14.595920666462572, -13.688338875091851, -14.795875022456476],
 [-10.427542107390504, 14.629370661458022, 8.917440399027477],
 [-19.132070848128276, -22.465298308470185, 15.36509263885607],
 [1.9221519033928551, 7.808963008638827, 4.181343721305823],
 [-11.180722987880946, -7.330839090806652, 3.5220172303693595],
 [-8.62178250264971, -8.203581616446078, -0.7689418218530228],
 [-30.0, -5.009277149112826, 2.035707628074399],
 [-19.993099154014125, 4.577078563817498, 6.629223043444039],
 [-9.359433090994447, -1.9788064031955095, 3.1181358341456367],
 [-12.166046207749215, -13.34092580436463, 27.603020492547678],
 [-21.897721257396398, 9.023159131555964, -16.30683663173108],
 [-8.389219248093376, -12.849819000788006, 14.709012843742512],
 [-25.46691607713142, 18.846832166758798, -5.565016311882324],
 [-8.326143050901944, 30.0, 3.552704303305658],
 [-11.088906916257212, -7.343121250272267, 3.449184905372796],
 [-2.058269312991256, 1.9272245887768698, -3.3150826160272437],
 [-30.0, 0.5922111225881004, -25.635520056537143],
 [-11.947497837673955, 30.0, -7.470627870434004],
 [-13.814034946753104, -7.36202249908596, -1.6091441787743204],
 [-10.97604306098092, -25.813643120122883, -12.825567154738856],
 [-27.739161730143458, 27.192357536874216, -17.515605919150765],
 [-15.404465610449144, -18.058175987054057, -17.152039276132946],
 [-28.582142633046445, 30.0, -26.29723938975302],
 [-3.7770853093094203, -30.0, -4.255065331434297],
 [-15.494233001867581, 5.683496186415756, -11.354159462846171],
 [-30.0, 6.074661025193705, -15.80724831358807],
 [-18.444179655965854, -1.2780169438506455, -20.793965357170364],
 [-3.201227183485596, 18.55568201192189, 30.0],
 [-20.461716967592576, -3.866722799878021, -9.927152470920431],
 [-16.35602793300187, 14.493925815977768, 30.0],
 [-1.4279226323202892, 1.0927848869225407, -13.101209042401782],
 [-7.460528139109614, 18.31113155161502, 26.224269790335377],
 [-14.79705437852471, 30.0, -30.0],
 [-11.945490555190501, -30.0, -15.474255680008646],
 [-18.871649667502197, 15.67056955454324, -22.70339014514738],
 [6.2460613800827645, -19.134358977194744, 6.481126727635894],
 [-9.003513400325687, 0.6926750684752923, -30.0],
 [1.3560334089155779, 19.843898581891956, -15.685145085622999],
 [-12.324973323257439, 30.0, -17.60713041188703],
 [-19.484079646857584, 30.0, -18.998934615112297],
 [-15.455301688820352, 30.0, -14.221120849619625],
 [-6.736085177045123, 5.191084810506508, -25.94525338404872],
 [-4.687989658542103, 30.0, -30.0],
 [-21.22945556078858, 30.0, -30.0],
 [-16.74014194130265, 30.0, -23.500582339282797],
 [21.11911481790677, 30.0, -30.0],
 [30.0, 21.984425071859928, -28.422606263887694],
 [27.419311415814335, 30.0, -26.02156380653676],
 [23.53671346803815, 4.6984345195317445, -13.552936493849991],
 [30.0, 30.0, -30.0],
 [-22.741117490709122, 25.27790584910424, -24.830589616499743],
 [13.56876558872273, 13.70607407473982, -30.0],
 [3.784850340623846, 30.0, -30.0],
 [24.31517267021335, 30.0, -30.0],
 [2.5663700731195114, 30.0, -19.641818677468446],
 [30.0, 30.0, -30.0],
 [30.0, 30.0, -29.84194863362012],
 [23.718990246476267, 30.0, 30.0],
 [12.3479943249287, -4.555796262074534, -15.853004533542075],
 [-13.167918197050028, 30.0, -30.0],
 [-1.5842746687339933, 30.0, -30.0],
 [30.0, 5.089739417361265, -30.0],
 [-10.358373539957205, 30.0, -30.0],
 [30.0, 30.0, -30.0],
 [16.277062310810035, 5.478624388157421, -17.186362148799482],
 [18.489203430651877, 30.0, -30.0],
 [29.638919795253262, 30.0, -29.331888017176734],
 [16.71251890476916, 30.0, 1.9616018655505982],
 [-4.5944409127561325, 21.988263656814294, -14.647723566903327],
 [-22.34993359456389, 30.0, -30.0],
 [14.50560865926812, 30.0, -30.0],
 [-11.192586161283778, 16.782457220642975, -30.0],
 [-25.21757369110373, 30.0, -30.0],
 [-3.8554235950361644, 30.0, -30.0],
 [5.221351745433331, -4.122220086259501, -27.16661015865816],
 [14.870247707557171, 30.0, -30.0],
 [17.979647150777197, 19.094585968565042, -29.676386031809876],
 [21.084211545042614, 30.0, -30.0],
 [15.618483461646948, 30.0, -22.225836788254092],
 [16.611405541979313, 30.0, -13.76015468415396],
 [-30.0, 23.08888204444883, -20.889192836616758],
 [-22.069814662785596, 25.15434639781158, -30.0],
 [6.667634971544661, 30.0, -30.0],
 [-29.714488985745433, 30.0, -30.0],
 [8.267957743548395, 30.0, -30.0],
 [20.763753832310375, 30.0, -30.0],
 [13.136118417229742, 18.114842428891233, -30.0],
 [23.561504041197573, 30.0, -30.0],
 [30.0, 30.0, -30.0],
 [-4.656613661918087, 30.0, -30.0],
 [-30.0, 23.98503125208485, -24.76744346614672],
 [-2.0995760050076058, 0.06888848941689929, -23.741119318855414],
 [5.5568530831632295, 30.0, -30.0],
 [30.0, 30.0, -30.0],
 [28.486924749385672, 30.0, -30.0],
 [24.374967240800775, 30.0, -30.0],
 [23.852974374222804, 26.577597722088107, -30.0],
 [18.67109116879136, 30.0, -30.0],
 [17.66048986707852, 30.0, -26.860071957405037],
 [-19.868180175612697, 30.0, -26.65829062740416],
 [30.0, 24.814134196878424, -30.0],
 [17.387343685885384, -12.165283243175908, -26.88912534119746],
 [-30.0, 30.0, -30.0],
 [30.0, 30.0, -30.0],
 [10.957018441210025, -12.733995918459563, -29.332831331079472],
 [17.542958136778743, 30.0, -30.0],
 [14.86478784141175, 30.0, -29.442967339339578],
 [19.746417236755942, 30.0, -30.0],
 [9.510255046712452, 30.0, -20.723846382598893],
 [23.468472180861266, 30.0, -28.145904457188003],
 [-20.09905568296294, 29.32548458550837, -28.520719453129917],
 [9.584599855226983, -11.627596988487811, -24.480049127409554],
 [-6.515095330848872, 30.0, -30.0],
 [-30.0, 30.0, -30.0],
 [18.0727251837908, -5.238689280689346, -28.884434939657723],
 [18.29381146960606, 30.0, -30.0],
 [19.550299214669423, 30.0, -29.72912668271117],
 [22.13198629551011, 30.0, -30.0],
 [11.503008176195355, 30.0, -18.60223319573204],
 [-15.121164248811805, 30.0, -25.474723316025763],
 [-21.007787361265677, 22.682856773900294, -22.90434167895281],
 [-10.28034183517887, 24.80734023782123, -30.0],
 [8.217162047793066, 30.0, -30.0],
 [21.88404775922067, 30.0, -30.0],
 [26.283672139742333, 30.0, -30.0],
 [21.221371752052036, 30.0, -30.0],
 [21.580687476414415, 30.0, -29.853129064838857],
 [22.0585805250862, 30.0, -30.0],
 [11.793336323260156, 30.0, -30.0],
 [1.7205711335568346, 30.0, -21.176066718103748],
 [30.0, 24.79435358805123, -29.574165744310008],
 [12.28774355189406, 28.64542887394337, -26.85236827261923],
 [-21.235686394881704, 30.0, -29.590916514851735],
 [13.99882368466957, 30.0, -29.90713085078225],
 [13.488839980478698, 14.55633196571521, -29.057316914295026],
 [19.205515577236692, 30.0, -30.0]]
最小値:70.33610067496289
入力値:[ 19.55029921  30.         -29.72912668]
経過時間:678.090550661087sec
num_evaluation of BBF = 150.0w=0.875w=0.85w=0.8250000000000001w=0.8w=0.775w=0.75w=0.7250000000000001w=0.7w=0.675w=0.65w=0.625w=0.6000000000000001w=0.575w=0.55w=0.525w=0.5w=0.47500000000000003w=0.45w=0.42500000000000004w=0.4
position_history=[[2.9288102356394887, 12.91136198234517, 6.16580256429863],
 [-3.744767324238449, 23.50638004692479, 27.81976563006176],
 [4.082673665635937, 25.535798297559666, -25.737836508126783],
 [16.689405056991028, 22.200728894809153, 28.71710053396584],
 [-22.903534447864008, 8.395261279651429, -21.398802755457215],
 [-14.126663273722382, 16.454021366053, -2.630980067007087],
 [6.725743363345288, 7.016039812485417, 26.624884710877453],
 [11.857871755635891, -26.38647170224381, 10.00600292674006],
 [-11.074298944548968, -8.177353743442644, 4.2118062250727775],
 [-17.46739463430992, -20.321428926900225, 9.186499527923907],
 [-19.985559861628325, 8.682275477565872, 3.146434698714061],
 [-18.267147229053315, -14.310630000227476, -7.034677404414566],
 [-5.617027785122163, 16.690809211908594, -6.1087865423849195],
 [-14.24897757849665, 6.0092700045876875, 3.56333149895336],
 [-14.588509517845079, -13.687974736396015, -14.797297323456634],
 [-10.426401541576027, 14.621350491465295, 8.919400990645407],
 [-19.129040509809883, -22.46763984346062, 15.364043171419391],
 [1.9249958678864907, 7.80413605132339, 4.175159159600071],
 [-11.181746295989907, -7.322699526838998, 3.5153846438818266],
 [-8.625894309274047, -8.204143103565139, -0.7732013953196635],
 [-30.0, -5.081327234549569, 1.9866321915676077],
 [-20.23704693969192, 3.9467986503910666, 6.048236615609783],
 [-9.516603995978102, -2.1247983041475784, 3.438267492875813],
 [-12.684249599463413, -13.61049700428725, 27.183085163787354],
 [-21.761394414560243, 8.654620383192842, -16.196115543111453],
 [-8.327298782709132, -12.885938591017782, 14.903516972350586],
 [-25.89706886572918, 18.358468128491065, -5.751621515180743],
 [-8.49549693057848, 30.0, 3.455082589915129],
 [-11.09083816671432, -7.320855547048389, 3.4302449817148064],
 [-1.9170949053379216, 2.1288478636819423, -3.4839693542764003],
 [-30.0, -0.23035440326470535, -25.52145423329886],
 [-12.14049169749051, 30.0, -6.922777427920883],
 [-14.154864182598569, -8.282157121628774, -0.9292524802654736],
 [-11.841373799682103, -26.802162909021067, -12.273649023546582],
 [-27.679024454350255, 27.087261356853652, -17.35014057432668],
 [-15.19382102260705, -19.059398830285858, -16.752479410891617],
 [-29.218130649947025, 30.0, -27.049791904971443],
 [-3.4428060038445985, -30.0, -4.295948396306876],
 [-15.436425151171928, 5.3620947505010115, -11.287071131125021],
 [-30.0, 6.450067894485168, -15.693078200407472],
 [-19.099495598108067, -1.2545434829789301, -21.614597308761883],
 [-2.512997695742227, 20.116426936665, 30.0],
 [-20.331032565888815, -5.235775296859089, -9.412190115322431],
 [-16.152912605871656, 13.585693865082934, 30.0],
 [-1.5386490226662133, 1.3912002465264877, -13.051945380529842],
 [-7.93851734716428, 17.898076248636514, 24.917300648610798],
 [-14.84419087219189, 30.0, -30.0],
 [-11.331698472377589, -30.0, -15.650413624518002],
 [-18.912894738738014, 15.508454988540532, -23.060924021396882],
 [5.286100327972356, -20.291976453690108, 6.14638396927568],
 [-9.524054170019618, 1.2913943329012456, -30.0],
 [2.958953838340535, 19.45231929395451, -14.79872842196545],
 [-12.643288535112877, 30.0, -17.661136428591426],
 [-18.80827574326479, 30.0, -19.17801866961517],
 [-14.23539401861032, 30.0, -14.036882711545271],
 [-6.4405912439023965, 7.645094371394103, -22.89697376474767],
 [-3.7043875444316594, 30.0, -30.0],
 [-21.50282057216375, 30.0, -30.0],
 [-16.998190912499386, 30.0, -24.028454056897324],
 [21.513414403729126, 30.0, -29.477132285911637],
 [-28.44200012046554, 21.620523755781424, -29.164583023757253],
 [-30.0, 30.0, -27.761101489217577],
 [-15.480604896174938, 7.300809045862707, -12.917162962976612],
 [-25.222985697941674, 30.0, -30.0],
 [-27.068982941214742, 25.143998371443484, -24.755018575491686],
 [-16.02244085006471, 15.903655707506923, -30.0],
 [-3.022417722972108, 30.0, -30.0],
 [-29.13116214700337, 30.0, -30.0],
 [-16.215302124470554, 30.0, -19.89915304021243],
 [-30.0, 30.0, -30.0],
 [-30.0, 30.0, -29.867560408271885],
 [-30.0, 30.0, -30.0],
 [-30.0, 9.677726195389475, -21.796064308811385],
 [-29.873650415082416, 30.0, -30.0],
 [-24.81728482558398, -0.6976677785838667, -19.65134376358573],
 [-30.0, 7.829334399606896, -30.0],
 [-30.0, 30.0, -30.0],
 [-25.48040318046172, 30.0, -30.0],
 [-30.0, 6.592356053362913, -16.099676246091718],
 [-30.0, 30.0, -30.0],
 [-30.0, 30.0, -30.0],
 [-30.0, 30.0, -30.0],
 [-30.0, 29.737172502391644, -25.970434223284556],
 [-26.729034054028, 30.0, -30.0],
 [-23.082273074393875, 7.352242150584935, -28.313801116336293],
 [-8.409459948748403, 17.099322516621847, -30.0],
 [-28.955887338325294, 30.0, -30.0],
 [-22.92487190388257, 30.0, -30.0],
 [-28.55636869886064, -5.9073281171512555, -26.79882730665555],
 [-30.0, 30.0, -30.0],
 [-26.578798313062315, 30.0, -30.0],
 [-30.0, 30.0, -30.0],
 [-23.919910972174765, 30.0, -23.063780221471845],
 [-24.60641801031627, 30.0, -30.0],
 [-26.18044570736913, 16.579782232133574, -11.283580016520869],
 [1.8170669738791432, 28.220877219911838, -29.72165019749634],
 [-0.6669760907266387, 30.0, -30.0],
 [-22.92906412511723, 30.0, -30.0],
 [-2.904211934564046, 30.0, -19.930039301886968],
 [-30.0, 30.0, -30.0],
 [-24.440351110439, 30.0, -30.0],
 [-26.883133798004426, 30.0, -30.0],
 [-16.4037634934052, 5.629346646464356, -12.679246709198022],
 [-30.0, 30.0, -30.0],
 [-22.091789004313338, 23.75267579333429, -17.846481106791117],
 [-6.854708735011711, 4.01703611982866, -16.782812479853433],
 [-30.0, 30.0, -30.0],
 [-30.0, 30.0, -30.0],
 [-30.0, 30.0, -22.021832700669332],
 [-30.0, 30.0, -30.0],
 [-27.33710593079343, 30.0, -30.0],
 [-24.745695299342806, 30.0, -30.0],
 [-12.781160717677192, 12.567761592219428, -20.487150320253676],
 [-30.0, 30.0, -30.0],
 [-27.15945186308178, -0.3619097425181508, -30.0],
 [-19.849346278188932, -10.116625460336273, -22.393005411140567],
 [-30.0, 30.0, -30.0],
 [-30.0, 30.0, -30.0],
 [-30.0, 16.29406920774403, -20.439148722318162],
 [-30.0, 30.0, -30.0],
 [-26.876646173928876, 30.0, -30.0],
 [-26.469103209165798, 30.0, -30.0],
 [-17.562647854723163, 19.382256760960313, -18.123319039223162],
 [-20.134320721267404, 30.0, -30.0],
 [-22.172349481775704, 30.0, -26.043173889859176],
 [-19.229286292744334, -10.932604220489704, -19.682645451704925],
 [-22.05462146962222, 30.0, -30.0],
 [-17.078025107347507, 30.0, -30.0],
 [-28.148709082223395, 16.131699496873047, -28.153471726327854],
 [-30.0, 30.0, -30.0],
 [-22.509868651657747, 30.0, -30.0],
 [-19.90351528215332, 30.0, -30.0],
 [-17.71662256236514, 24.098739906959068, -15.192440431742613],
 [-14.46155513599616, 30.0, -30.0],
 [-17.558622210458417, 12.570662670736404, -10.887817546433535],
 [2.436604517725037, 24.95351159988571, -30.0],
 [-15.852230311553512, 30.0, -30.0],
 [-30.0, 30.0, -30.0],
 [-14.498082433227724, 29.571208867734697, -26.132668749038476],
 [-22.166937231990598, 30.0, -30.0],
 [-23.423995922321193, 30.0, -30.0],
 [-16.29244192229646, 30.0, -30.0],
 [-15.237837549103773, 24.983192894999725, -30.0],
 [-28.34959222609399, 30.0, -30.0],
 [-21.39653174272174, 2.6096642202497176, -28.13551111593945],
 [-11.060106451214253, 30.0, -25.110024755948537],
 [-26.198973522227412, 30.0, -30.0],
 [-30.0, 30.0, -30.0],
 [-28.786204449778225, 25.484048566930365, -25.259458791161464],
 [-14.18821287106837, 30.0, -30.0],
 [-23.4682099458385, 30.0, -30.0],
 [-22.314875472971295, 30.0, -30.0],
 [-21.278767824356954, 15.592521307751124, -30.0],
 [-17.771713549802577, 30.0, -30.0],
 [-20.742735868579725, 9.078388774495865, -30.0],
 [-22.581031752282506, 10.5825506476022, -12.115781220493702],
 [-30.0, 30.0, -30.0],
 [-13.155231743963324, 30.0, -30.0],
 [-30.0, 23.47473055668568, -26.54863370462982],
 [-12.515302834004641, 30.0, -30.0],
 [-16.047655209474584, 30.0, -30.0],
 [-2.679333977093478, 30.0, -30.0],
 [-16.68051917739396, 19.05809953927292, -20.519701570498636],
 [-6.591859056198475, 30.0, -30.0],
 [-21.914648231552412, 25.639745883164025, -11.267414602065426],
 [-2.033178584098124, 27.64132150156509, -14.708706655041832],
 [-10.495548713251036, 30.0, -30.0],
 [-26.126136220533773, 30.0, -30.0],
 [-30.0, 23.712356431065935, -24.991375348874573],
 [-11.678847815472777, 30.0, -30.0],
 [-29.601688553306413, 30.0, -30.0],
 [-16.375921205463754, 30.0, -30.0],
 [-13.435936759895517, 30.0, -18.705500008703247],
 [-10.147609993968498, 30.0, -30.0],
 [-17.21623607226025, 17.477291138908583, -30.0],
 [-1.2547772222799942, 0.5572571993209543, -30.0],
 [-18.779015601954733, 30.0, -30.0],
 [-8.796264757866567, 30.0, -30.0],
 [-7.054791952865422, 21.06533049880291, -25.21024259576174],
 [-13.578459403976185, 30.0, -30.0],
 [-28.96270710865352, 30.0, -30.0],
 [-20.41160522770342, 30.0, -30.0],
 [-15.768563994649966, 30.0, -28.08318517711937],
 [-30.0, 30.0, -30.0],
 [-13.795925282487094, 16.077213162822645, -26.351621929478895],
 [-12.661891127485045, -9.560154546528064, -30.0],
 [-22.565020667729357, 30.0, -30.0],
 [-1.9500515831601781, 30.0, -30.0],
 [-12.829444483396763, 15.7691155095225, -30.0],
 [-12.654146842108005, 30.0, -30.0],
 [-16.73821002082861, 30.0, -30.0],
 [-17.767609459814537, 30.0, -30.0],
 [-17.82618295966466, 25.429487402418857, -22.440824845509287],
 [-30.0, 30.0, -30.0],
 [-18.514513535624033, 14.44082537917393, -9.592952850131883],
 [-3.9774866299616196, 26.917434927445637, -30.0],
 [-11.79982285460187, 30.0, -30.0],
 [-23.680642478885506, 30.0, -30.0],
 [-30.0, 29.75976774074696, -25.49472196288962],
 [-12.096021699354198, 30.0, -30.0]]
最小値:70.96663225253756
入力値:[-12.51530283  30.         -30.        ]
経過時間:910.0216841697693sec
num_evaluation of BBF = 200.0