
BO_ratio_matrix = 
[[81.13327667]
 [81.61450082]
 [77.00820501]
 [77.13244311]
 [70.33610067]
 [70.96663225]]
RS_ratio_matrix = 
[[87.49980679]
 [84.29307194]
 [80.16318613]
 [80.16318613]
 [80.16318613]
 [80.16318613]]
Mean Accumulated PREC(%) 1 times; BBF=[ 10.  30.  50. 100. 150. 200.]
BO_vec=array([81.13327667, 81.61450082, 77.00820501, 77.13244311, 70.33610067,
       70.96663225])
RS_vec=array([87.49980679, 84.29307194, 80.16318613, 80.16318613, 80.16318613,
       80.16318613])
Median Accumulated PREC(%) 1 times; BBF=[ 10.  30.  50. 100. 150. 200.]
BO_vec=array([81.13327667, 81.61450082, 77.00820501, 77.13244311, 70.33610067,
       70.96663225])
RS_vec=array([87.49980679, 84.29307194, 80.16318613, 80.16318613, 80.16318613,
       80.16318613])
Min Accumulated PREC(%) 1 times; BBF=[ 10.  30.  50. 100. 150. 200.]
BO_vec=array([81.13327667, 81.61450082, 77.00820501, 77.13244311, 70.33610067,
       70.96663225])
RS_vec=array([87.49980679, 84.29307194, 80.16318613, 80.16318613, 80.16318613,
       80.16318613])
Max Accumulated PREC(%) 1 times; BBF=[ 10.  30.  50. 100. 150. 200.]
BO_vec=array([81.13327667, 81.61450082, 77.00820501, 77.13244311, 70.33610067,
       70.96663225])
RS_vec=array([87.49980679, 84.29307194, 80.16318613, 80.16318613, 80.16318613,
       80.16318613])