
 input
[[5.570677093501104, 20.655944914861053], [21.47673705736542, 20.83510432704754], [7.4138218071583495, -6.937097562438005], [30.0, 23.49277690371121], [27.697114487806893, 30.0], [-30.0, 30.0], [-30.0, -30.0], [-30.0, 21.83527665632017], [-25.603046135383998, 30.0], [30.0, -30.0]]
 output
 [94.3191534  92.27056534 97.14440362 91.75386931 91.18099975 76.4826482
 98.97818526 80.51629746 84.31520026 97.69554975]
最小値:76.48264819539527
入力値:[-30.0, 30.0]
経過時間:42.829089641571045sec
num_evaluation of BBF = 10.0
 input
[[5.570677093501104, 20.655944914861053], [21.47673705736542, 20.83510432704754], [7.4138218071583495, -6.937097562438005], [30.0, 23.49277690371121], [27.697114487806893, 30.0], [-30.0, 30.0], [-30.0, -30.0], [-30.0, 21.83527665632017], [-25.603046135383998, 30.0], [30.0, -30.0], [21.33269729069916, -0.767551694825034], [0.9370512137864679, 0.06821136369975633], [12.516836353688085, -22.305727475529004], [5.915210635253857, -11.081482965062818], [12.578257968883555, -25.960919582237956], [18.267719319537726, -25.4860490960624], [1.1551432820983578, -30.0], [-11.123233036887608, -30.0], [-30.0, 28.433449873103335], [-10.69142173437163, 30.0], [-16.71658421290388, 7.096052794605065], [-24.175636990506174, 0.8778864395141817], [-30.0, 1.7062392952183316], [-19.450891516228943, -9.468164629347477], [-3.0806820935845565, 30.0], [-12.20163064914496, -7.383988906689279], [13.573539755567829, 30.0], [-24.295417279693286, 12.19033940355979], [-18.25919702182549, 22.007803964191666], [-6.000432866260237, -16.115734051674018]]
 output
 [ 94.3191534   92.27056534  97.14440362  91.75386931  91.18099975
  76.4826482   98.97818526  80.51629746  84.31520026  97.69554975
  96.16785959 100.63238859  87.23126977  92.76941339  85.23929816
  82.40767529  87.43019394  92.48466991  76.88184225  86.43222995
  85.83090493  82.2662691   85.58247341  83.24228831  89.4929957
  82.85051907  90.97051609  80.91877816  86.86378532  82.27400264]
最小値:76.48264819539527
入力値:[-30.0, 30.0]
経過時間:91.55354642868042sec
num_evaluation of BBF = 30.0
 input
[[5.570677093501104, 20.655944914861053], [21.47673705736542, 20.83510432704754], [7.4138218071583495, -6.937097562438005], [30.0, 23.49277690371121], [27.697114487806893, 30.0], [-30.0, 30.0], [-30.0, -30.0], [-30.0, 21.83527665632017], [-25.603046135383998, 30.0], [30.0, -30.0], [21.33269729069916, -0.767551694825034], [0.9370512137864679, 0.06821136369975633], [12.516836353688085, -22.305727475529004], [5.915210635253857, -11.081482965062818], [12.578257968883555, -25.960919582237956], [18.267719319537726, -25.4860490960624], [1.1551432820983578, -30.0], [-11.123233036887608, -30.0], [-30.0, 28.433449873103335], [-10.69142173437163, 30.0], [-16.71658421290388, 7.096052794605065], [-24.175636990506174, 0.8778864395141817], [-30.0, 1.7062392952183316], [-19.450891516228943, -9.468164629347477], [-3.0806820935845565, 30.0], [-12.20163064914496, -7.383988906689279], [13.573539755567829, 30.0], [-24.295417279693286, 12.19033940355979], [-18.25919702182549, 22.007803964191666], [-6.000432866260237, -16.115734051674018], [-12.861348916772894, -15.89245838426599], [30.0, -7.980544260591866], [18.102857174024635, -30.0], [-30.0, 11.74269403619406], [-30.0, -11.862670616219265], [-8.90122280972227, 17.880268211727362], [22.15716124808452, -17.567625763216476], [-18.985118102229634, 8.296094554455195], [8.058156748174824, -21.31724099196182], [3.459568795812096, -25.364588237226933], [2.624208540703947, -10.454166263254123], [-16.23905643487089, -29.429255928016044], [-12.495772537654208, -29.656281995751275], [3.8305873335491754, 2.611096801685221], [-19.24239236763735, -0.9172660441409448], [5.633689796165733, -19.442384275074616], [30.0, 7.234922494027948], [-22.467275237236375, 6.489912908861015], [-7.694591280845188, -8.726927285836847], [-1.951362252408483, -21.424016995925825]]
 output
 [ 94.3191534   92.27056534  97.14440362  91.75386931  91.18099975
  76.4826482   98.97818526  80.51629746  84.31520026  97.69554975
  96.16785959 100.63238859  87.23126977  92.76941339  85.23929816
  82.40767529  87.43019394  92.48466991  76.88184225  86.43222995
  85.83090493  82.2662691   85.58247341  83.24228831  89.4929957
  82.85051907  90.97051609  80.91877816  86.86378532  82.27400264
  83.81476143  92.79493583  83.85814155  80.70603604  94.14703126
  90.9729879   95.5742496   81.87700498  85.96285537  82.75125599
  94.34011535  92.1472476   92.1925491  103.31086859  81.53029271
  84.14689854  90.75186524  80.79566456  88.62966021  82.59983681]
最小値:76.48264819539527
入力値:[-30.0, 30.0]
経過時間:94.70199513435364sec
num_evaluation of BBF = 50.0
 input
[[5.570677093501104, 20.655944914861053], [21.47673705736542, 20.83510432704754], [7.4138218071583495, -6.937097562438005], [30.0, 23.49277690371121], [27.697114487806893, 30.0], [-30.0, 30.0], [-30.0, -30.0], [-30.0, 21.83527665632017], [-25.603046135383998, 30.0], [30.0, -30.0], [21.33269729069916, -0.767551694825034], [0.9370512137864679, 0.06821136369975633], [12.516836353688085, -22.305727475529004], [5.915210635253857, -11.081482965062818], [12.578257968883555, -25.960919582237956], [18.267719319537726, -25.4860490960624], [1.1551432820983578, -30.0], [-11.123233036887608, -30.0], [-30.0, 28.433449873103335], [-10.69142173437163, 30.0], [-16.71658421290388, 7.096052794605065], [-24.175636990506174, 0.8778864395141817], [-30.0, 1.7062392952183316], [-19.450891516228943, -9.468164629347477], [-3.0806820935845565, 30.0], [-12.20163064914496, -7.383988906689279], [13.573539755567829, 30.0], [-24.295417279693286, 12.19033940355979], [-18.25919702182549, 22.007803964191666], [-6.000432866260237, -16.115734051674018], [-12.861348916772894, -15.89245838426599], [30.0, -7.980544260591866], [18.102857174024635, -30.0], [-30.0, 11.74269403619406], [-30.0, -11.862670616219265], [-8.90122280972227, 17.880268211727362], [22.15716124808452, -17.567625763216476], [-18.985118102229634, 8.296094554455195], [8.058156748174824, -21.31724099196182], [3.459568795812096, -25.364588237226933], [2.624208540703947, -10.454166263254123], [-16.23905643487089, -29.429255928016044], [-12.495772537654208, -29.656281995751275], [3.8305873335491754, 2.611096801685221], [-19.24239236763735, -0.9172660441409448], [5.633689796165733, -19.442384275074616], [30.0, 7.234922494027948], [-22.467275237236375, 6.489912908861015], [-7.694591280845188, -8.726927285836847], [-1.951362252408483, -21.424016995925825], [-25.433271373915083, 19.14945293469797], [19.49563095479877, -28.355636681509868], [-9.097242723045184, -19.05608180916304], [-5.382774247862276, -7.373306087149139], [29.665130697336217, -10.740807150327242], [-11.419825007557534, 13.642623012848937], [-7.256817329823281, 26.017110950742087], [4.804221416637276, -19.828224576264823], [-3.1840844826009373, -5.29806551934562], [26.84107007392292, 6.846508332668471], [-1.2824399955393098, 23.003726751158673], [27.320085867152656, -7.483135416233701], [12.696541963990107, 15.146901793486556], [-2.3176297029662685, -10.713529040791318], [-17.179939453085986, 7.165464887573798], [-20.855776932113564, 13.12008717153612], [13.165648275965061, 5.776275878278881], [-27.418938411317058, -18.190213083050303], [-0.1644812566921665, 11.304797731881735], [-12.16142731643221, 20.203789710456277], [-18.243654743913673, 12.122503345531797], [-23.4690487474857, 16.663324755895395], [-24.322433865473286, -0.007942365333551749], [-15.217385526825037, -7.59298647436032], [11.597968442747593, -14.157456766094251], [-17.74865040876952, -8.135994123126924], [-11.248877684548024, -5.526603448219419], [25.269977344653313, -7.325710326945629], [13.306079004878974, 28.58485972565522], [16.332459891568654, 19.500632695028138], [-4.128213232942393, -22.029239197019862], [-26.503115119505953, -21.850860252675076], [7.695612573118574, -15.858295288651332], [26.955739920210547, 24.937920072670536], [23.864263469328478, 21.821327946904496], [-23.6544202244646, -3.077022296592233], [-8.472393914432388, -20.679999952040674], [3.755372449709, -29.731625602743026], [-5.615877297086712, -18.116002659601648], [21.85876035573331, -4.653014389901344], [6.742323770470051, -22.98139881292604], [17.319849968136616, 22.035903253726964], [25.94803852924491, -5.978987017325764], [15.3317488777545, 8.984870745165509], [-21.380830489670984, 8.758091297006665], [11.655358326957526, 27.098769045135548], [-4.00009147785471, 17.60469305123233], [-25.107006636076793, -6.664265369117945], [6.3404561038279255, 9.274927773929804], [-11.223864053806238, -21.207298817803697]]
 output
 [ 94.3191534   92.27056534  97.14440362  91.75386931  91.18099975
  76.4826482   98.97818526  80.51629746  84.31520026  97.69554975
  96.16785959 100.63238859  87.23126977  92.76941339  85.23929816
  82.40767529  87.43019394  92.48466991  76.88184225  86.43222995
  85.83090493  82.2662691   85.58247341  83.24228831  89.4929957
  82.85051907  90.97051609  80.91877816  86.86378532  82.27400264
  83.81476143  92.79493583  83.85814155  80.70603604  94.14703126
  90.9729879   95.5742496   81.87700498  85.96285537  82.75125599
  94.34011535  92.1472476   92.1925491  103.31086859  81.53029271
  84.14689854  90.75186524  80.79566456  88.62966021  82.59983681
  79.92127556  81.60412     83.48159003  91.62186485  92.54407019
  89.45576981  90.98481492  84.05667007  95.806968    91.04482872
  93.29445135  91.08165017  94.68969101  90.54105862  85.24174347
  79.93515877  99.80168983  95.73667208 100.27327632  89.56383008
  83.2581307   78.83240477  82.4022592   82.13173966  90.87450883
  84.42388966  88.03580288  89.72087256  91.5538808   92.69906335
  83.6040351   96.35458641  89.07508711  92.12996347  92.44766467
  83.01088987  82.21722774  88.40969153  81.80864492  90.79663868
  84.74441659  92.85146235  93.9380625   96.2987333   80.2446331
  91.87596324  95.74119423  80.78874221 102.21014978  85.84873198]
最小値:76.48264819539527
入力値:[-30.0, 30.0]
経過時間:244.9760935306549sec
num_evaluation of BBF = 100.0
 input
[[5.570677093501104, 20.655944914861053], [21.47673705736542, 20.83510432704754], [7.4138218071583495, -6.937097562438005], [30.0, 23.49277690371121], [27.697114487806893, 30.0], [-30.0, 30.0], [-30.0, -30.0], [-30.0, 21.83527665632017], [-25.603046135383998, 30.0], [30.0, -30.0], [21.33269729069916, -0.767551694825034], [0.9370512137864679, 0.06821136369975633], [12.516836353688085, -22.305727475529004], [5.915210635253857, -11.081482965062818], [12.578257968883555, -25.960919582237956], [18.267719319537726, -25.4860490960624], [1.1551432820983578, -30.0], [-11.123233036887608, -30.0], [-30.0, 28.433449873103335], [-10.69142173437163, 30.0], [-16.71658421290388, 7.096052794605065], [-24.175636990506174, 0.8778864395141817], [-30.0, 1.7062392952183316], [-19.450891516228943, -9.468164629347477], [-3.0806820935845565, 30.0], [-12.20163064914496, -7.383988906689279], [13.573539755567829, 30.0], [-24.295417279693286, 12.19033940355979], [-18.25919702182549, 22.007803964191666], [-6.000432866260237, -16.115734051674018], [-12.861348916772894, -15.89245838426599], [30.0, -7.980544260591866], [18.102857174024635, -30.0], [-30.0, 11.74269403619406], [-30.0, -11.862670616219265], [-8.90122280972227, 17.880268211727362], [22.15716124808452, -17.567625763216476], [-18.985118102229634, 8.296094554455195], [8.058156748174824, -21.31724099196182], [3.459568795812096, -25.364588237226933], [2.624208540703947, -10.454166263254123], [-16.23905643487089, -29.429255928016044], [-12.495772537654208, -29.656281995751275], [3.8305873335491754, 2.611096801685221], [-19.24239236763735, -0.9172660441409448], [5.633689796165733, -19.442384275074616], [30.0, 7.234922494027948], [-22.467275237236375, 6.489912908861015], [-7.694591280845188, -8.726927285836847], [-1.951362252408483, -21.424016995925825], [-25.433271373915083, 19.14945293469797], [19.49563095479877, -28.355636681509868], [-9.097242723045184, -19.05608180916304], [-5.382774247862276, -7.373306087149139], [29.665130697336217, -10.740807150327242], [-11.419825007557534, 13.642623012848937], [-7.256817329823281, 26.017110950742087], [4.804221416637276, -19.828224576264823], [-3.1840844826009373, -5.29806551934562], [26.84107007392292, 6.846508332668471], [-1.2824399955393098, 23.003726751158673], [27.320085867152656, -7.483135416233701], [12.696541963990107, 15.146901793486556], [-2.3176297029662685, -10.713529040791318], [-17.179939453085986, 7.165464887573798], [-20.855776932113564, 13.12008717153612], [13.165648275965061, 5.776275878278881], [-27.418938411317058, -18.190213083050303], [-0.1644812566921665, 11.304797731881735], [-12.16142731643221, 20.203789710456277], [-18.243654743913673, 12.122503345531797], [-23.4690487474857, 16.663324755895395], [-24.322433865473286, -0.007942365333551749], [-15.217385526825037, -7.59298647436032], [11.597968442747593, -14.157456766094251], [-17.74865040876952, -8.135994123126924], [-11.248877684548024, -5.526603448219419], [25.269977344653313, -7.325710326945629], [13.306079004878974, 28.58485972565522], [16.332459891568654, 19.500632695028138], [-4.128213232942393, -22.029239197019862], [-26.503115119505953, -21.850860252675076], [7.695612573118574, -15.858295288651332], [26.955739920210547, 24.937920072670536], [23.864263469328478, 21.821327946904496], [-23.6544202244646, -3.077022296592233], [-8.472393914432388, -20.679999952040674], [3.755372449709, -29.731625602743026], [-5.615877297086712, -18.116002659601648], [21.85876035573331, -4.653014389901344], [6.742323770470051, -22.98139881292604], [17.319849968136616, 22.035903253726964], [25.94803852924491, -5.978987017325764], [15.3317488777545, 8.984870745165509], [-21.380830489670984, 8.758091297006665], [11.655358326957526, 27.098769045135548], [-4.00009147785471, 17.60469305123233], [-25.107006636076793, -6.664265369117945], [6.3404561038279255, 9.274927773929804], [-11.223864053806238, -21.207298817803697], [21.33269729069916, -0.767551694825034], [0.9370512137864679, 0.06821136369975633], [12.516836353688085, -22.305727475529004], [5.915210635253857, -11.081482965062818], [12.578257968883555, -25.960919582237956], [-30.0, 16.39495501573966], [-7.256817329823281, 26.017110950742087], [4.804221416637276, -19.828224576264823], [-13.769447456459702, -11.27592207308232], [23.895961815383394, -25.919427709449106], [5.685043134750444, -9.753948602029528], [-29.84924340691344, -1.6081218593147568], [22.825220054718137, 18.703540937196195], [-22.758545606995007, 1.1527567519399042], [-2.354009120527028, -19.654574152799285], [29.909069240597013, 8.91054536252485], [-2.1440733431827432, -26.12754128195132], [-2.5493289926905085, 23.98347570313841], [-21.408617747921948, 18.408121281191036], [-30.0, 29.552605266717812], [-8.184266038584717, 7.524036128401519], [29.223791418184696, -12.63231835341016], [-9.50244183270793, -27.71021401612207], [-8.472717555872588, -25.919832175442345], [-4.9005823775594095, -28.11428132100885], [8.394353767955913, 12.804543472636318], [23.926652875574163, -9.029904328001113], [3.586300120564111, 4.86258572022134], [27.25324678911162, 23.48441345813667], [-15.208481153238179, -9.061863531670042], [-22.905470738596456, 23.357687149377973], [-30.0, 26.98215525387959], [-20.988342045855156, -5.1990341579426875], [5.139304026872438, 10.87539526494406], [19.675222419065825, 23.07179184419269], [18.368012749227645, -15.371400994057096], [-25.492595946266718, 23.426005786929572], [-25.416135144699776, 27.399328630523712], [-23.896594573515408, 21.640144462487214], [-10.393923672160362, -13.460273309172532], [-24.417522513138643, 22.31075874451698], [-19.80948589600037, 16.016855119205744], [-28.95219962211535, -20.765439334100243], [13.249000105402644, 2.504915752208653], [-13.751955843559884, -2.4834929797386778], [-23.609512736785774, 21.34780600433802], [-29.152798177798214, 29.097663553709232], [-29.63379375153173, 7.649801377827124], [-27.739604112194378, 14.650189616544928], [-25.293670955818826, 22.018635747146284]]
 output
 [ 94.3191534   92.27056534  97.14440362  91.75386931  91.18099975
  76.4826482   98.97818526  80.51629746  84.31520026  97.69554975
  96.16785959 100.63238859  87.23126977  92.76941339  85.23929816
  82.40767529  87.43019394  92.48466991  76.88184225  86.43222995
  85.83090493  82.2662691   85.58247341  83.24228831  89.4929957
  82.85051907  90.97051609  80.91877816  86.86378532  82.27400264
  83.81476143  92.79493583  83.85814155  80.70603604  94.14703126
  90.9729879   95.5742496   81.87700498  85.96285537  82.75125599
  94.34011535  92.1472476   92.1925491  103.31086859  81.53029271
  84.14689854  90.75186524  80.79566456  88.62966021  82.59983681
  79.92127556  81.60412     83.48159003  91.62186485  92.54407019
  89.45576981  90.98481492  84.05667007  95.806968    91.04482872
  93.29445135  91.08165017  94.68969101  90.54105862  85.24174347
  79.93515877  99.80168983  95.73667208 100.27327632  89.56383008
  83.2581307   78.83240477  82.4022592   82.13173966  90.87450883
  84.42388966  88.03580288  89.72087256  91.5538808   92.69906335
  83.6040351   96.35458641  89.07508711  92.12996347  92.44766467
  83.01088987  82.21722774  88.40969153  81.80864492  90.79663868
  84.74441659  92.85146235  93.9380625   96.2987333   80.2446331
  91.87596324  95.74119423  80.78874221 102.21014978  85.84873198
  96.16785959 100.63238859  87.23126977  92.76941339  85.23929816
  79.24428672  90.98481492  84.05667007  83.64567485  83.83157579
  94.81477306  83.2323476   92.42235517  82.22030026  81.91827962
  90.63948227  84.84566957  92.61868007  79.01262812  76.9770232
  94.83769183  93.17579512  89.83182389  82.22311576  84.54917801
  98.10291731  91.1090893  102.76300859  92.32059646  83.54956331
  78.35946941  79.12685548  83.20061215 100.82903165  92.65489852
 104.84022616  77.54577169  81.26571046  77.1604508   82.0499341
  76.67671012  81.0855424   98.22638833 101.65871438  87.88989774
  77.4511569   77.57968767  85.14495899  81.20504886  77.89365137]
最小値:76.48264819539527
入力値:[-30.0, 30.0]
経過時間:281.4608325958252sec
num_evaluation of BBF = 150.0
 input
[[5.570677093501104, 20.655944914861053], [21.47673705736542, 20.83510432704754], [7.4138218071583495, -6.937097562438005], [30.0, 23.49277690371121], [27.697114487806893, 30.0], [-30.0, 30.0], [-30.0, -30.0], [-30.0, 21.83527665632017], [-25.603046135383998, 30.0], [30.0, -30.0], [21.33269729069916, -0.767551694825034], [0.9370512137864679, 0.06821136369975633], [12.516836353688085, -22.305727475529004], [5.915210635253857, -11.081482965062818], [12.578257968883555, -25.960919582237956], [18.267719319537726, -25.4860490960624], [1.1551432820983578, -30.0], [-11.123233036887608, -30.0], [-30.0, 28.433449873103335], [-10.69142173437163, 30.0], [-16.71658421290388, 7.096052794605065], [-24.175636990506174, 0.8778864395141817], [-30.0, 1.7062392952183316], [-19.450891516228943, -9.468164629347477], [-3.0806820935845565, 30.0], [-12.20163064914496, -7.383988906689279], [13.573539755567829, 30.0], [-24.295417279693286, 12.19033940355979], [-18.25919702182549, 22.007803964191666], [-6.000432866260237, -16.115734051674018], [-12.861348916772894, -15.89245838426599], [30.0, -7.980544260591866], [18.102857174024635, -30.0], [-30.0, 11.74269403619406], [-30.0, -11.862670616219265], [-8.90122280972227, 17.880268211727362], [22.15716124808452, -17.567625763216476], [-18.985118102229634, 8.296094554455195], [8.058156748174824, -21.31724099196182], [3.459568795812096, -25.364588237226933], [2.624208540703947, -10.454166263254123], [-16.23905643487089, -29.429255928016044], [-12.495772537654208, -29.656281995751275], [3.8305873335491754, 2.611096801685221], [-19.24239236763735, -0.9172660441409448], [5.633689796165733, -19.442384275074616], [30.0, 7.234922494027948], [-22.467275237236375, 6.489912908861015], [-7.694591280845188, -8.726927285836847], [-1.951362252408483, -21.424016995925825], [-25.433271373915083, 19.14945293469797], [19.49563095479877, -28.355636681509868], [-9.097242723045184, -19.05608180916304], [-5.382774247862276, -7.373306087149139], [29.665130697336217, -10.740807150327242], [-11.419825007557534, 13.642623012848937], [-7.256817329823281, 26.017110950742087], [4.804221416637276, -19.828224576264823], [-3.1840844826009373, -5.29806551934562], [26.84107007392292, 6.846508332668471], [-1.2824399955393098, 23.003726751158673], [27.320085867152656, -7.483135416233701], [12.696541963990107, 15.146901793486556], [-2.3176297029662685, -10.713529040791318], [-17.179939453085986, 7.165464887573798], [-20.855776932113564, 13.12008717153612], [13.165648275965061, 5.776275878278881], [-27.418938411317058, -18.190213083050303], [-0.1644812566921665, 11.304797731881735], [-12.16142731643221, 20.203789710456277], [-18.243654743913673, 12.122503345531797], [-23.4690487474857, 16.663324755895395], [-24.322433865473286, -0.007942365333551749], [-15.217385526825037, -7.59298647436032], [11.597968442747593, -14.157456766094251], [-17.74865040876952, -8.135994123126924], [-11.248877684548024, -5.526603448219419], [25.269977344653313, -7.325710326945629], [13.306079004878974, 28.58485972565522], [16.332459891568654, 19.500632695028138], [-4.128213232942393, -22.029239197019862], [-26.503115119505953, -21.850860252675076], [7.695612573118574, -15.858295288651332], [26.955739920210547, 24.937920072670536], [23.864263469328478, 21.821327946904496], [-23.6544202244646, -3.077022296592233], [-8.472393914432388, -20.679999952040674], [3.755372449709, -29.731625602743026], [-5.615877297086712, -18.116002659601648], [21.85876035573331, -4.653014389901344], [6.742323770470051, -22.98139881292604], [17.319849968136616, 22.035903253726964], [25.94803852924491, -5.978987017325764], [15.3317488777545, 8.984870745165509], [-21.380830489670984, 8.758091297006665], [11.655358326957526, 27.098769045135548], [-4.00009147785471, 17.60469305123233], [-25.107006636076793, -6.664265369117945], [6.3404561038279255, 9.274927773929804], [-11.223864053806238, -21.207298817803697], [21.33269729069916, -0.767551694825034], [0.9370512137864679, 0.06821136369975633], [12.516836353688085, -22.305727475529004], [5.915210635253857, -11.081482965062818], [12.578257968883555, -25.960919582237956], [-30.0, 16.39495501573966], [-7.256817329823281, 26.017110950742087], [4.804221416637276, -19.828224576264823], [-13.769447456459702, -11.27592207308232], [23.895961815383394, -25.919427709449106], [5.685043134750444, -9.753948602029528], [-29.84924340691344, -1.6081218593147568], [22.825220054718137, 18.703540937196195], [-22.758545606995007, 1.1527567519399042], [-2.354009120527028, -19.654574152799285], [29.909069240597013, 8.91054536252485], [-2.1440733431827432, -26.12754128195132], [-2.5493289926905085, 23.98347570313841], [-21.408617747921948, 18.408121281191036], [-30.0, 29.552605266717812], [-8.184266038584717, 7.524036128401519], [29.223791418184696, -12.63231835341016], [-9.50244183270793, -27.71021401612207], [-8.472717555872588, -25.919832175442345], [-4.9005823775594095, -28.11428132100885], [8.394353767955913, 12.804543472636318], [23.926652875574163, -9.029904328001113], [3.586300120564111, 4.86258572022134], [27.25324678911162, 23.48441345813667], [-15.208481153238179, -9.061863531670042], [-22.905470738596456, 23.357687149377973], [-30.0, 26.98215525387959], [-20.988342045855156, -5.1990341579426875], [5.139304026872438, 10.87539526494406], [19.675222419065825, 23.07179184419269], [18.368012749227645, -15.371400994057096], [-25.492595946266718, 23.426005786929572], [-25.416135144699776, 27.399328630523712], [-23.896594573515408, 21.640144462487214], [-10.393923672160362, -13.460273309172532], [-24.417522513138643, 22.31075874451698], [-19.80948589600037, 16.016855119205744], [-28.95219962211535, -20.765439334100243], [13.249000105402644, 2.504915752208653], [-13.751955843559884, -2.4834929797386778], [-23.609512736785774, 21.34780600433802], [-29.152798177798214, 29.097663553709232], [-29.63379375153173, 7.649801377827124], [-27.739604112194378, 14.650189616544928], [-25.293670955818826, 22.018635747146284], [-24.30269744368877, 23.07754156907523], [-24.331669332881518, 23.35568208011231], [-23.318994270154136, -10.996507334590273], [-24.235268386195898, 22.9534031451947], [-30.0, -5.659684874045087], [-30.0, 18.964481345871732], [30.0, -21.136835356252053], [-16.917944942825137, 30.0], [4.3480573106991685, 30.0], [22.73694071473514, -30.0], [-17.521865436969676, 2.1790754577510754], [-24.26268881787163, 23.03854354686223], [-18.577348193917167, -15.554485346699881], [-18.547293610343644, -20.000493739157797], [-24.167366894672092, 22.886476033401436], [-17.80714396035841, -13.196533361063985], [30.0, 15.738448777970959], [-0.1932002203935106, -16.400438106981774], [-25.43860376167921, 8.828663733787572], [11.103961924307264, -30.0], [20.70131299292985, 30.0], [-7.777145373276184, -23.7227697294932], [-25.27892714352112, 22.93257844298362], [-23.820673424047236, 21.82062978936535], [-9.692375806100888, -18.829394359707997], [-21.777032069641052, 17.132338995175857], [-23.84452711849879, 22.035830115934225], [-24.205992566622395, 23.076510648871455], [-1.0271612903217715, 24.92922844829014], [-23.09684479286936, 14.637547224358848], [-6.438395049960661, -26.637311752199214], [-7.068111785340125, 6.91056315134967], [29.597068287172092, -28.17760091495184], [4.704013326356986, 2.3972479676688323], [-25.216589926257832, 4.318647219195441], [7.442606881267132, 22.27282080141277], [-24.213898089271144, 23.27390325424753], [-24.08432479799, 22.855957258694858], [-24.231928486552764, 23.32010240531399], [20.561567815562718, -22.78207215565857], [-28.020103468502967, 17.47737772880972], [30.0, 1.6049703500059032], [-30.0, 13.88883912351023], [24.314422689221026, 17.647898821943734], [-20.84976679664709, 4.190462181475553], [22.693744447087234, 12.342992748096052], [16.05335236736159, -7.022945056449412], [-24.100960499062566, 23.173321105311103], [25.590046360435302, -0.30603148076051667], [-27.054581402226727, -4.384262426658669]]
 output
 [ 94.3191534   92.27056534  97.14440362  91.75386931  91.18099975
  76.4826482   98.97818526  80.51629746  84.31520026  97.69554975
  96.16785959 100.63238859  87.23126977  92.76941339  85.23929816
  82.40767529  87.43019394  92.48466991  76.88184225  86.43222995
  85.83090493  82.2662691   85.58247341  83.24228831  89.4929957
  82.85051907  90.97051609  80.91877816  86.86378532  82.27400264
  83.81476143  92.79493583  83.85814155  80.70603604  94.14703126
  90.9729879   95.5742496   81.87700498  85.96285537  82.75125599
  94.34011535  92.1472476   92.1925491  103.31086859  81.53029271
  84.14689854  90.75186524  80.79566456  88.62966021  82.59983681
  79.92127556  81.60412     83.48159003  91.62186485  92.54407019
  89.45576981  90.98481492  84.05667007  95.806968    91.04482872
  93.29445135  91.08165017  94.68969101  90.54105862  85.24174347
  79.93515877  99.80168983  95.73667208 100.27327632  89.56383008
  83.2581307   78.83240477  82.4022592   82.13173966  90.87450883
  84.42388966  88.03580288  89.72087256  91.5538808   92.69906335
  83.6040351   96.35458641  89.07508711  92.12996347  92.44766467
  83.01088987  82.21722774  88.40969153  81.80864492  90.79663868
  84.74441659  92.85146235  93.9380625   96.2987333   80.2446331
  91.87596324  95.74119423  80.78874221 102.21014978  85.84873198
  96.16785959 100.63238859  87.23126977  92.76941339  85.23929816
  79.24428672  90.98481492  84.05667007  83.64567485  83.83157579
  94.81477306  83.2323476   92.42235517  82.22030026  81.91827962
  90.63948227  84.84566957  92.61868007  79.01262812  76.9770232
  94.83769183  93.17579512  89.83182389  82.22311576  84.54917801
  98.10291731  91.1090893  102.76300859  92.32059646  83.54956331
  78.35946941  79.12685548  83.20061215 100.82903165  92.65489852
 104.84022616  77.54577169  81.26571046  77.1604508   82.0499341
  76.67671012  81.0855424   98.22638833 101.65871438  87.88989774
  77.4511569   77.57968767  85.14495899  81.20504886  77.89365137
  76.27751419  76.46621669  88.44995252  76.28065905  83.34011168
  78.35254211 101.03483079  88.5015156   90.07447325  80.11344991
  82.85049225  76.27273424  81.32510403  92.42639766  76.30036199
  83.70646764  91.73084568  86.09966459  84.10002792  84.95490553
  91.30806217  86.9761419   77.36821013  77.00165256  83.30459693
  79.00533669  76.69388223  76.27243011  92.60052509  79.27478144
  83.69113896  96.14453481  99.80241835 103.55331337  82.71997788
  93.71373215  76.42541842  76.29262518  76.48433091  85.49563429
  80.9804146   89.9317666   79.58411232  92.01151321  80.2218145
  92.13969547 100.20527411  76.22554182  93.19016935  82.3303152 ]
最小値:76.22554181827786
入力値:[-24.100960499062566, 23.173321105311103]
経過時間:332.81225204467773sec
num_evaluation of BBF = 200.0
 input
[[29.831088656332128, 25.95344156031954], [-22.312533124238595, 29.942430919448697], [-15.834661382881434, -6.2051563622384265], [-15.660451222379384, -6.922380451192193], [-18.753886631132854, -1.0381534764195557], [14.820338292067873, -1.444896929466747], [-28.65941407543566, -15.379355855408415], [-17.683501580129782, 30.0], [-13.703916848203281, 1.5192745332209547], [-17.60006970463584, -14.893419060757656]]
 output
 [91.48727407 86.72083037 81.56573375 81.99825688 80.77306885 98.39784817
 94.27466816 88.34813439 89.13187197 83.38016143]
最小値:80.77306885474992
入力値:[-18.753886631132854, -1.0381534764195557]
経過時間:49.24985361099243sec
num_evaluation of BBF = 10.0