
 input
[[5.570677093501104, 20.655944914861053, 21.47673705736542], [20.83510432704754, 7.4138218071583495, -6.937097562438005], [-12.14792360733166, -26.59722136095341, -13.640622325193206], [-30.0, -30.0, -13.1808941159398], [-29.058566200681568, 16.16304620691976, -17.793908165162698], [-30.0, 30.0, -19.490623602997935], [-25.41915171466041, 3.1651053387369217, -17.404320821875707], [-11.050496693219117, 0.2970874151961489, -18.102668550181743], [19.86302934437188, 15.08324060784944, -18.869506395095524], [-8.68640724236009, 19.679534321817712, -14.800894769384595], [18.14410496043549, 23.39124380452207, -12.057881377106533], [-28.849500184429708, -13.297801242796652, -11.376430516547618], [23.78258441095177, 21.893432799100523, -10.317950141200022], [-23.103736239043197, 3.120718908322999, -9.752852116594415], [17.383488686113658, -10.206597247471183, -10.725697302405084], [6.829123080350726, 24.04132686675336, 10.82502688912443], [-30.0, 13.955257518503316, -14.704173765968637], [-30.0, 17.530512061386965, -13.877981312031963], [-28.58463496509585, 13.368285887470307, -8.171319034065078], [26.52451633686192, 25.843475507626998, -7.294009879809625], [-30.0, 14.57846989510034, -18.247654845980506], [30.0, 29.973203017949587, -16.585163361621266], [30.0, 23.268480994906618, 30.0], [-10.631847330765982, -9.080824761993298, 23.697854420482635], [-28.8744385582338, 15.736163554299495, -20.64012209293009], [30.0, -30.0, 28.529596007834193], [19.293561499481463, 30.0, -27.644831565521795], [-24.528761606534236, 14.852251669717425, -18.92658770969443], [30.0, 23.674493742942794, -30.0], [30.0, 23.74189664683017, -30.0], [29.999805343683278, 24.27302626316814, -30.0], [30.0, 23.818235665130324, -17.709143247129422], [30.0, 21.127953063022233, -30.0], [27.654728108053668, 23.78762013897922, -30.0], [-29.435124304091673, 15.832812421538506, -16.119225493088365], [29.22128256582166, 29.92636093549988, -18.348916113473024], [7.686072847392893, -21.207358031301826, 0.5202795318222719], [-29.966853037750994, 14.156825378276494, -24.110812903814452], [29.798579613869315, 23.783654983637618, -30.0], [22.583722791619728, 22.244644268863738, -11.357399200027757], [-30.0, -20.81036699834111, 29.43507261619193], [-28.65470406675493, 16.393671640509027, -19.21658950685259], [-28.43483552972583, 15.797331617370546, -18.277594312147592], [-28.391034125895757, 16.450872141544338, -16.653457016501466], [-29.533931922966286, 15.931815852888882, -18.599121286554684], [30.0, -17.985787002070467, -25.68788084149105], [-29.21520462884448, 15.052389191770217, -19.43303896596528], [-30.0, -5.639784416753098, -9.489580254011507], [4.106972920591247, -30.0, 29.932350045229136], [22.923535684134066, 21.41297868090937, -11.526954666076797], [22.511201233601284, 21.75905999435551, -9.435018860855024], [30.0, -3.7959231474242934, 21.901734469150554], [-8.914544484996231, -17.727426963724053, -9.523522939277306], [23.78031919263954, 22.03117062109994, -12.302765679938187], [29.940181694049663, 23.797132689988857, -29.33871073286061], [-29.251979923147665, 16.521856648145906, -18.23696319838801], [-30.0, 16.196427723608295, -17.836663867370305], [-29.417400131975697, 15.33028358412897, -17.84017512399614], [-28.74004711794424, 14.5916925899242, -18.124151757603695], [3.4426935426326253, -2.470556973108028, -5.4781422710927465], [24.0883849833613, 22.61037389835819, -11.239990349399385], [-10.443956836796449, 9.385104896004876, 7.86843620218756], [-3.049497403330445, 30.0, -29.81632569355523], [29.74315708309632, 23.546683677945474, -30.0], [-12.625193076593703, -30.0, -9.140687611348415], [29.796712242778824, 29.51785883548356, -24.01959252104379], [25.242492036243576, 24.05997189073924, -9.22711018799794], [-29.858258758393518, 22.588797359587566, 9.378698468337525], [23.702252920841097, 24.709178600247142, -11.064849908880657], [30.0, -24.788594861181405, -30.0], [25.36425750269148, 26.130039078601648, -10.327236360725756], [25.55291145240647, 24.236436261917085, -12.515403396796398], [24.034992548317625, 25.776704390130945, -7.557426047346041], [27.33365627744721, 24.704791883796545, -10.048271892908765], [30.0, 0.9609552306592732, -30.0], [-30.0, -1.2115535629135223, 30.0], [-30.0, -23.202917305973493, -30.0], [30.0, -23.195713644783346, 30.0], [-30.0, -16.418695272047785, 30.0], [30.0, -13.058127238535224, 23.06989303092471], [9.665335710870238, -25.203449953451763, 25.0549782078755], [-30.0, 8.233261879430046, 24.047327348612683], [-30.0, -10.198312303242329, -28.54209737347546], [30.0, -7.502849525133669, -28.857878705960346], [-3.6726485657277195, -14.012334551295929, 27.993034432301926], [29.644127750724223, -22.496412854838017, -29.909106643455594], [-29.176278577500778, -25.96816485579213, 26.609194903985077], [29.65338954581513, -26.834135193074765, -24.531989459561647], [-29.805432534596914, -12.56120952894111, 29.485565383937285], [8.198042592520913, -16.125485024748844, -27.488551282934733], [30.0, 30.0, 30.0], [30.0, 26.47961719015803, 30.0], [-28.63070919655017, -17.526687079885765, -27.325785986771695], [-7.557692211951235, -23.100429178784296, 27.934097190542857], [-28.56884637864678, -7.8324245475595475, 29.218437619922], [-12.097798896979121, 14.812943845570139, 28.24520410620653], [-0.5949614982775451, -5.985730701152292, -13.265836222488115], [29.86531466763408, 11.460173807144713, 26.759948815131573], [29.857098436542984, 18.554801350810564, 26.54329064015014], [-5.153778701287695, 14.254581626489127, 29.513866900744247]]
 output
 [ 96.97168401 104.15730786  86.34520436  86.48097786  69.64205087
  99.71602151  87.07956472  81.0067396  100.84332082  95.49242615
  79.49996191  84.00387337  76.37213145  88.56969439  90.31416313
  95.53696805  79.12247763  90.83912416  87.75382659  76.63135213
  75.12317431  82.80039224  82.13738988  88.11371312  75.31483264
  93.55083831  86.19025777  82.911959    64.3698551   63.23529847
  75.12674828  84.23443278  96.10320437  94.17187274  82.75276622
  75.23333032  86.09921694  84.95588695  63.50535135  76.65854166
  86.21100396  75.89799587  74.97509482  89.11299091  73.37687683
  93.01518004  76.3356415   88.83294325  83.88021748  76.99055791
  84.06180267  87.43413438  86.88151379  76.31936124  77.39893087
  70.78899321  77.15742507  72.00445387  75.87874464  92.10712364
  76.01039058  94.59580794  92.65321977  79.22024614  88.95110861
  89.91086994  75.84069167 109.81796186  75.39326683  80.16123277
  76.12983761  77.51301504  83.72754955  77.20352634 103.00760582
  90.41892133  88.10478925  77.46146022  85.27953188  89.15282997
  85.3714387   92.61005713  80.29403827  96.0472863   80.94743869
  85.6908469   84.87938376  85.50898087  86.05698924 102.25387785
  77.83632263  79.77450514  87.16654389  82.50631017  87.26684946
  76.54781213  80.73769275  85.34745454  85.17505167  86.63021461]
最小値:63.23529847240272
入力値:[30.0, 23.74189664683017, -30.0]
経過時間:450.4591865539551sec
num_evaluation of BBF = 100.0
 input
[[29.831088656332128, 25.95344156031954, -22.312533124238595], [29.942430919448697, -15.834661382881434, -6.2051563622384265], [-6.7253555302795505, 10.18476220820881, 26.132344248361925], [3.295728343596494, -20.26466842670191, -16.52898397173956], [30.0, -27.799535164383656, -2.5692929116823606], [27.34127710703445, -15.716680496572335, -4.558101191996421], [28.754558486962452, -16.191887094513717, -11.19204165074198], [30.0, -14.056254878628213, 11.43826324937443], [30.0, -15.499528026130715, -11.419107853342709], [-17.669780074708008, 9.719126421567282, -6.729098935500037], [30.0, -16.39456021534093, 19.500898129781874], [25.51869720656844, 27.092059873116042, 17.189463381426172], [24.152361274263782, 27.452816911074457, 12.839623235142042], [20.775210287297995, 20.99261793567367, 17.681317192358406], [30.0, -20.623285971000826, 17.09026726408306], [21.34917387863608, 21.72792681650339, 16.71269032700514], [30.0, -17.427261265944445, -12.244710339823051], [30.0, -14.363885915970897, -12.791051777473143], [29.85368844553451, -18.548604828457552, -18.355343264135335], [-26.55331091783469, -9.74804621898872, -12.078394425783227], [22.909322248908822, 28.459624583929354, -12.081264282607961], [30.0, 22.926320944906315, -5.595758008372197], [30.0, -2.5315261615661235, -12.122222521793667], [22.550658779399136, 28.752452402677733, -20.915361831999352], [30.0, -17.18453682238685, -26.305020897850078], [30.0, -19.980614877124744, -12.241375246014154], [25.812606858163484, 26.662606291855617, -8.734822376075371], [-21.13188482513246, 29.815633029736063, -7.198939580403827], [30.0, 24.49238726038744, -10.837583116199237], [30.0, 29.441739174322798, -7.831783281654793], [30.0, 28.511859000455765, -5.325216957745187], [30.0, 27.59018906384805, 23.693661691910947], [-5.505079184982105, 28.462086628422995, 23.85854346138116], [-30.0, 19.684373125012662, 27.323728682037313], [-30.0, -30.0, 25.436363717725207], [23.732553535251512, -28.001818197328745, 20.569662375695415], [30.0, 30.0, -10.811655706846352], [-30.0, -21.135185526153833, 30.0], [30.0, 30.0, -10.599744073926448], [30.0, 30.0, 30.0], [30.0, 24.087647741836044, 30.0], [-30.0, -23.54378118349884, 16.682824801827728], [-30.0, 30.0, -22.11284417973831], [30.0, 30.0, 24.616044619388383], [30.0, 15.933803988410844, 25.668752783636073], [-30.0, -5.156808228820481, 15.419183769402736], [30.0, 30.0, 28.833511940702913], [30.0, 30.0, -25.999648457011492], [30.0, 30.0, 17.231204948299187], [30.0, 30.0, 0.9471602875971179], [-30.0, -30.0, -28.621253859541383], [30.0, 16.373323883672292, -7.817775093945414], [4.946571381425159, 30.0, -16.812865300956403], [30.0, 14.146272566274135, -20.9081350340074], [-29.911023817060215, -12.613391693076856, -2.4381018719173255], [30.0, 30.0, 28.435830455069265], [-3.544941374470998, -29.99692255973571, 22.04770722154835], [18.478496293158813, -30.0, 30.0], [30.0, -30.0, 30.0], [-4.558425085073811, -29.973849603686933, 7.681545870938649], [14.3427223557293, -30.0, 30.0], [4.666161443469001, 29.82831792909075, 29.322820701427304], [14.880743087485918, -15.940833528312906, 3.096442205315462], [-10.161534215524227, -29.933242026811193, 28.33929904391544], [-29.9753025402605, -29.399066332092193, -26.687641877825822], [-4.338509188040927, -6.2887272083691705, -16.563113181901308], [26.55298959056806, 30.0, -10.550550177828136], [19.91271699419113, -26.684247493464774, 30.0], [24.059718651079066, 29.878673458395028, 23.95830422863056], [21.76113164222108, 30.0, -7.867626828823546], [-12.51862596973234, -15.270892282924663, -28.397134414738492], [22.18323244653743, 21.765615989370943, -8.976867977975463], [30.0, 24.26724228649084, 19.505793275232463], [27.479934500676045, 30.0, -13.387460859115897], [16.57112694329239, -17.25303995723849, 30.0], [23.43901769616486, 30.0, 30.0], [-0.3016256519838727, 2.2256024076859404, -22.760823631645], [19.52929845965415, -29.42471230390699, 30.0], [20.506467398040037, -29.762900555699694, 30.0], [19.96119607851668, -29.25595538148662, 28.200293685544167], [26.505975842400858, 25.91011639120341, 21.73192403074669], [20.16431945537267, -29.142388025023006, 30.0], [25.054241052136184, 28.67487380912018, -7.584905783719151], [29.323208516355677, 27.27702265763324, 16.925687601020698], [28.219872765269976, 28.003795975613734, -10.119973694437022], [22.357278622807456, 26.66978031092227, -7.6349865715823455], [30.0, 24.029035900616215, 12.84975865656282], [25.41071923153625, 27.845144821580853, -12.472557868447826], [27.39071132537221, 24.80599981335309, -5.293747540235724], [-3.057830283567757, 11.572335068516097, -30.0], [3.340692449210337, 1.6352197502047652, -11.782308081585395], [27.330121166504064, 28.947775034679708, 19.483787863857657], [21.58528918734659, -30.0, 30.0], [5.199189322327996, -4.6080457038417, -30.0], [-9.482476170759494, 30.0, 11.213073177019538], [-30.0, 0.5344502299210276, -30.0], [16.51740358816106, 7.184313089698627, 21.237720346645574], [-7.52603844695474, -14.329017170017229, 30.0], [-5.849998419756549, -13.186528273146223, 21.208739821231603], [-14.964269516703379, -16.058911011295734, 30.0]]
 output
 [ 88.03989603  80.93493887  91.723152    91.03133437 100.24054353
  88.75561153  85.11455773  91.19846497  82.91777492  99.0957011
  85.8596101   79.04026293  96.04888262  83.39483474  79.30510607
  83.5346278   74.13522496  86.00545694 100.0544038   84.12014242
  76.64000409  78.47833253 106.76961337  86.63744454  97.52104604
  91.98488958  76.00049662  88.2933468   79.26593351  75.55264518
  81.16166837  78.46948688  82.60374044  92.15380264  81.11083025
  86.48655209  75.33404547  84.977223    75.263526    77.83632263
  81.87740801  99.33783612  93.07697921  79.40669993  84.06629006
  91.70148792  77.43922465  80.85325154  76.4627467   92.42959791
  88.51796153  81.14615619  88.82156331  90.68889697  87.98719931
  77.35361552  83.96851243  72.37971986  93.447324    85.95197661
  84.76456553  92.560402    96.22537383  83.68273308  90.91684494
  81.61601753  75.73347559  78.86949593  80.60104053  79.82078549
  89.40974136  86.6556813   77.17374298  80.32786812  87.70256936
  82.59810806  80.85609674  68.28390695  68.94828025  76.70313869
  81.73285006  70.56205954  75.76962535  76.82826717  76.51558654
  84.48029626  82.8634853   78.41021143  82.40198934  87.76158101
  89.59130452  78.19830682  73.96127254  89.06963085  88.32025511
  85.60786827  92.08033682  77.96297931  84.56037129  84.08841766]
最小値:68.28390695299379
入力値:[19.52929845965415, -29.42471230390699, 30.0]
経過時間:440.3059775829315sec
num_evaluation of BBF = 100.0