
 input
[[5.570677093501104, 20.655944914861053, 21.47673705736542], [20.83510432704754, 7.4138218071583495, -6.937097562438005], [-12.14792360733166, -26.59722136095341, -13.640622325193206], [-30.0, -30.0, -13.1808941159398], [-29.058566200681568, 16.16304620691976, -17.793908165162698], [-30.0, 30.0, -19.490623602997935], [-25.41915171466041, 3.1651053387369217, -17.404320821875707], [-11.050496693219117, 0.2970874151961489, -18.102668550181743], [19.86302934437188, 15.08324060784944, -18.869506395095524], [-8.68640724236009, 19.679534321817712, -14.800894769384595]]
 output
 [ 96.97168401 104.15730786  86.34520436  86.48097786  69.64205087
  99.71602151  87.07956472  81.0067396  100.84332082  95.49242615]
最小値:69.64205087244983
入力値:[-29.058566200681568, 16.16304620691976, -17.793908165162698]
経過時間:40.94173622131348sec
num_evaluation of BBF = 10.0
 input
[[5.570677093501104, 20.655944914861053, 21.47673705736542], [20.83510432704754, 7.4138218071583495, -6.937097562438005], [-12.14792360733166, -26.59722136095341, -13.640622325193206], [-30.0, -30.0, -13.1808941159398], [-29.058566200681568, 16.16304620691976, -17.793908165162698], [-30.0, 30.0, -19.490623602997935], [-25.41915171466041, 3.1651053387369217, -17.404320821875707], [-11.050496693219117, 0.2970874151961489, -18.102668550181743], [19.86302934437188, 15.08324060784944, -18.869506395095524], [-8.68640724236009, 19.679534321817712, -14.800894769384595], [22.1237146936542, 5.948610947298505, -12.057864164076559], [-30.0, 13.90928664373758, 24.228165361757263], [-2.2473993787673656, -29.422820234034077, -17.820073285712205], [-15.49597062347082, -22.47843356180168, 29.953885272487774], [-19.63768211308168, -23.614128673211383, 28.95854927273418], [-29.99378825347675, -27.365647173854082, -10.511285961700612], [29.994669940632164, 4.098839109248054, -21.654921238232674], [-18.09254062084885, 28.21851614236747, -25.769020883310887], [-29.998459392413718, 15.165083450275567, -12.63601718771887], [-3.3004646773944373, 29.39413350540839, 29.67186687545864], [-16.54670471191235, -29.251810648391125, 29.39742080854969], [-0.6143184237243737, -23.908124560385883, -27.99868358715854], [-17.258264945604104, 24.45656365609119, -23.281103364191644], [-29.993633021798054, -22.48128470526735, -5.201094734895069], [-15.878421261364725, 27.706742039434097, -27.953171764297192], [-17.893736417021234, 29.446482544915945, -28.891805652805978], [-19.245192205695023, 29.551531944630675, 28.25139771322094], [-20.11461128724056, -29.561012246818873, 29.33925519890071], [-10.78394483025134, -26.583754835087724, 26.798608879521602], [-10.849092339136323, 29.49286872851809, -27.649822647575345]]
 output
 [ 96.97168401 104.15730786  86.34520436  86.48097786  69.64205087
  99.71602151  87.07956472  81.0067396  100.84332082  95.49242615
 102.81930824  94.60753842  92.97328293  84.8805331   84.54087802
  86.20187742  99.97976052  87.02312601  88.36681866  81.84017659
  82.33485095  89.16147018  81.36196459  90.62603297  72.28528568
  72.81731973  78.49806711  83.76529329  82.01042084  88.82909326]
最小値:69.64205087244983
入力値:[-29.058566200681568, 16.16304620691976, -17.793908165162698]
経過時間:86.42139887809753sec
num_evaluation of BBF = 30.0
 input
[[5.570677093501104, 20.655944914861053, 21.47673705736542], [20.83510432704754, 7.4138218071583495, -6.937097562438005], [-12.14792360733166, -26.59722136095341, -13.640622325193206], [-30.0, -30.0, -13.1808941159398], [-29.058566200681568, 16.16304620691976, -17.793908165162698], [-30.0, 30.0, -19.490623602997935], [-25.41915171466041, 3.1651053387369217, -17.404320821875707], [-11.050496693219117, 0.2970874151961489, -18.102668550181743], [19.86302934437188, 15.08324060784944, -18.869506395095524], [-8.68640724236009, 19.679534321817712, -14.800894769384595], [22.1237146936542, 5.948610947298505, -12.057864164076559], [-30.0, 13.90928664373758, 24.228165361757263], [-2.2473993787673656, -29.422820234034077, -17.820073285712205], [-15.49597062347082, -22.47843356180168, 29.953885272487774], [-19.63768211308168, -23.614128673211383, 28.95854927273418], [-29.99378825347675, -27.365647173854082, -10.511285961700612], [29.994669940632164, 4.098839109248054, -21.654921238232674], [-18.09254062084885, 28.21851614236747, -25.769020883310887], [-29.998459392413718, 15.165083450275567, -12.63601718771887], [-3.3004646773944373, 29.39413350540839, 29.67186687545864], [-16.54670471191235, -29.251810648391125, 29.39742080854969], [-0.6143184237243737, -23.908124560385883, -27.99868358715854], [-17.258264945604104, 24.45656365609119, -23.281103364191644], [-29.993633021798054, -22.48128470526735, -5.201094734895069], [-15.878421261364725, 27.706742039434097, -27.953171764297192], [-17.893736417021234, 29.446482544915945, -28.891805652805978], [-19.245192205695023, 29.551531944630675, 28.25139771322094], [-20.11461128724056, -29.561012246818873, 29.33925519890071], [-10.78394483025134, -26.583754835087724, 26.798608879521602], [-10.849092339136323, 29.49286872851809, -27.649822647575345], [-20.671606743287533, 23.914128919011787, -29.895737248078472], [29.999962129467754, -26.62281161644985, 28.01395902542812], [-21.505975374329978, -25.670808381975966, -29.89287546491396], [7.716034170259491, -28.35842435413086, 26.278818550665747], [30.0, 28.102121202755818, 30.0], [-30.0, -23.26211683179392, -30.0], [16.93123260703468, -28.91012728981764, 30.0], [-30.0, 14.085376683123421, -25.147828318732966], [-14.033234723145004, -16.415835122322616, 9.895032776813515], [30.0, -26.74305746850572, 15.645457184280865], [30.0, 27.958148244529042, 30.0], [10.623987961621111, 7.5036214748039285, 30.0], [-1.029009808471276, -30.0, 18.878526632276753], [-30.0, -4.998139250851846, -30.0], [30.0, -30.0, 0.19078758507536264], [29.877090740721584, 29.32215177428118, 29.863994883889312], [-29.906312182717613, -16.677678630126863, 29.851060450206013], [-29.98028571848813, 12.925110018313646, 10.787260913016631], [29.987817584968212, -18.807663827465202, 29.524175779919652], [29.804203997153365, 8.134963725653108, 21.843939919463693]]
 output
 [ 96.97168401 104.15730786  86.34520436  86.48097786  69.64205087
  99.71602151  87.07956472  81.0067396  100.84332082  95.49242615
 102.81930824  94.60753842  92.97328293  84.8805331   84.54087802
  86.20187742  99.97976052  87.02312601  88.36681866  81.84017659
  82.33485095  89.16147018  81.36196459  90.62603297  72.28528568
  72.81731973  78.49806711  83.76529329  82.01042084  88.82909326
  80.56315731  88.26558106  89.2636098   78.92253037  79.40822236
  88.21828591  82.11584655  87.31089519  96.37699096  82.26694462
  79.46047011  92.55711221  80.81319005  82.10044442 104.88800024
  78.53790781  85.4057417   92.94739287  72.10195498  85.17943426]
最小値:69.64205087244983
入力値:[-29.058566200681568, 16.16304620691976, -17.793908165162698]
経過時間:100.67648887634277sec
num_evaluation of BBF = 50.0
 input
[[5.570677093501104, 20.655944914861053, 21.47673705736542], [20.83510432704754, 7.4138218071583495, -6.937097562438005], [-12.14792360733166, -26.59722136095341, -13.640622325193206], [-30.0, -30.0, -13.1808941159398], [-29.058566200681568, 16.16304620691976, -17.793908165162698], [-30.0, 30.0, -19.490623602997935], [-25.41915171466041, 3.1651053387369217, -17.404320821875707], [-11.050496693219117, 0.2970874151961489, -18.102668550181743], [19.86302934437188, 15.08324060784944, -18.869506395095524], [-8.68640724236009, 19.679534321817712, -14.800894769384595], [22.1237146936542, 5.948610947298505, -12.057864164076559], [-30.0, 13.90928664373758, 24.228165361757263], [-2.2473993787673656, -29.422820234034077, -17.820073285712205], [-15.49597062347082, -22.47843356180168, 29.953885272487774], [-19.63768211308168, -23.614128673211383, 28.95854927273418], [-29.99378825347675, -27.365647173854082, -10.511285961700612], [29.994669940632164, 4.098839109248054, -21.654921238232674], [-18.09254062084885, 28.21851614236747, -25.769020883310887], [-29.998459392413718, 15.165083450275567, -12.63601718771887], [-3.3004646773944373, 29.39413350540839, 29.67186687545864], [-16.54670471191235, -29.251810648391125, 29.39742080854969], [-0.6143184237243737, -23.908124560385883, -27.99868358715854], [-17.258264945604104, 24.45656365609119, -23.281103364191644], [-29.993633021798054, -22.48128470526735, -5.201094734895069], [-15.878421261364725, 27.706742039434097, -27.953171764297192], [-17.893736417021234, 29.446482544915945, -28.891805652805978], [-19.245192205695023, 29.551531944630675, 28.25139771322094], [-20.11461128724056, -29.561012246818873, 29.33925519890071], [-10.78394483025134, -26.583754835087724, 26.798608879521602], [-10.849092339136323, 29.49286872851809, -27.649822647575345], [-20.671606743287533, 23.914128919011787, -29.895737248078472], [29.999962129467754, -26.62281161644985, 28.01395902542812], [-21.505975374329978, -25.670808381975966, -29.89287546491396], [7.716034170259491, -28.35842435413086, 26.278818550665747], [30.0, 28.102121202755818, 30.0], [-30.0, -23.26211683179392, -30.0], [16.93123260703468, -28.91012728981764, 30.0], [-30.0, 14.085376683123421, -25.147828318732966], [-14.033234723145004, -16.415835122322616, 9.895032776813515], [30.0, -26.74305746850572, 15.645457184280865], [30.0, 27.958148244529042, 30.0], [10.623987961621111, 7.5036214748039285, 30.0], [-1.029009808471276, -30.0, 18.878526632276753], [-30.0, -4.998139250851846, -30.0], [30.0, -30.0, 0.19078758507536264], [29.877090740721584, 29.32215177428118, 29.863994883889312], [-29.906312182717613, -16.677678630126863, 29.851060450206013], [-29.98028571848813, 12.925110018313646, 10.787260913016631], [29.987817584968212, -18.807663827465202, 29.524175779919652], [29.804203997153365, 8.134963725653108, 21.843939919463693], [29.94755985628519, 11.859852010597777, 29.812715387995468], [6.499896655582688, 18.536558415862963, -29.973148469720925], [29.819921572267923, -22.88229957979089, -29.83935204028139], [29.954532601090982, -3.3315912889306247, 18.564911741968118], [-29.95628799459309, -23.2419026239828, 29.874207143162558], [-28.896176382536826, -23.261964977854298, -29.928709791345874], [29.749270112619172, 29.59632324066491, -29.704415269237895], [-30.0, 11.011521227907494, -30.0], [29.462267807359446, -19.601257325238734, 29.98564713004636], [29.618390497531543, -21.743336570522214, 29.708869845607175], [28.692166749242617, -24.03738668665274, 29.653189360387373], [-29.996943493049702, -2.0552594630256316, 2.007319189836444], [5.894133702255267, 23.587949696029185, 29.97925866956352], [-5.456838238872198, 18.737216884687435, -29.845252839868287], [-4.244292324756799, 29.824521706745017, 2.2663575323283496], [8.184720773112929, -29.28556557707424, -29.84284817513092], [-5.124149407845373, -28.605553396834964, 29.695960356615025], [-16.201350879154223, 28.317379127980992, 29.552299107637246], [-9.176184027979254, 26.779820966672744, 29.72404969347609], [-7.460792797191573, 22.751300456648323, 29.865240377531862], [-11.035166907843745, -2.098537270275184, 19.485260547081715], [-11.663689010968245, -26.394157477083205, -29.982829857143336], [-2.86090217023974, -30.0, 30.0], [-1.4015535635102445, -30.0, 30.0], [-22.389440821274135, 26.492814286519618, 29.67480022754885], [-7.784415593244805, -28.37793325465029, 29.995764279495155], [0.7466018119744255, -29.338504970311092, 29.624041669866628], [6.213342145555885, -29.389652100918656, 11.31277709353612], [30.0, -19.868211177869334, 28.176923118254606], [-29.35571299854627, 16.766739364763588, -18.878071698899276], [-17.285061340627536, 27.563993484993425, -29.637980771398833], [-29.774962734357228, 15.13793239378603, -18.458060629336927], [-26.922186602901448, 15.741025522528282, -18.390769674561554], [30.0, -18.178409034655168, 26.45872323848546], [24.266643030637773, -18.003159140346924, 27.903988509964798], [-15.959719400852816, 30.0, -28.99904735810656], [-28.997118982015927, 15.422814335002478, -18.414117767006143], [-30.0, 16.532223528235683, -17.785166680676117], [-28.507807692173053, 12.867825701265566, -19.002054316906737], [-12.13450859873856, 30.0, 22.668327957122962], [-26.89118619964992, 18.59061181230819, -20.62093957303237], [-14.054392015643124, 22.87568616247586, 21.77343345538992], [-18.010261108657062, 29.64700452599424, 17.49425825354095], [30.0, 30.0, 18.024070107201524], [23.739146430342686, 30.0, 22.488607972049316], [30.0, 22.143126520882724, 17.88520143097015], [30.0, 25.825607341964783, 8.138118805363192], [30.0, 24.3747307302067, 23.265066362761885], [30.0, -15.678957205201666, 30.0], [-3.0205111119833568, -19.850120864789794, 30.0]]
 output
 [ 96.97168401 104.15730786  86.34520436  86.48097786  69.64205087
  99.71602151  87.07956472  81.0067396  100.84332082  95.49242615
 102.81930824  94.60753842  92.97328293  84.8805331   84.54087802
  86.20187742  99.97976052  87.02312601  88.36681866  81.84017659
  82.33485095  89.16147018  81.36196459  90.62603297  72.28528568
  72.81731973  78.49806711  83.76529329  82.01042084  88.82909326
  80.56315731  88.26558106  89.2636098   78.92253037  79.40822236
  88.21828591  82.11584655  87.31089519  96.37699096  82.26694462
  79.46047011  92.55711221  80.81319005  82.10044442 104.88800024
  78.53790781  85.4057417   92.94739287  72.10195498  85.17943426
  86.09837383  87.20031609  86.32950365 101.78238926  85.19019589
  87.85810825  84.55299963  90.05121765  74.18732681  74.94529064
  91.74555968  87.09094753  98.2516345   85.06072022  93.78469987
  95.08067409  77.37487444  79.09590606  77.35105766  81.6839374
  86.0192109   93.61134714  77.50287635  81.09554432  84.84629239
  74.90261454  83.19733759  82.66934618  70.56723623  70.54729131
  77.07525931  70.04368172  76.11820546  72.91366619  91.84557014
  71.97457116  71.60135438  83.05492579  80.94143306  77.85596375
  76.90529972  77.12001223  80.74282566  77.68738641  79.85014758
  76.46898058  99.91418547  78.78100472  79.78884139  79.05001122]
最小値:69.64205087244983
入力値:[-29.058566200681568, 16.16304620691976, -17.793908165162698]
経過時間:243.29522061347961sec
num_evaluation of BBF = 100.0
 input
[[5.570677093501104, 20.655944914861053, 21.47673705736542], [20.83510432704754, 7.4138218071583495, -6.937097562438005], [-12.14792360733166, -26.59722136095341, -13.640622325193206], [-30.0, -30.0, -13.1808941159398], [-29.058566200681568, 16.16304620691976, -17.793908165162698], [-30.0, 30.0, -19.490623602997935], [-25.41915171466041, 3.1651053387369217, -17.404320821875707], [-11.050496693219117, 0.2970874151961489, -18.102668550181743], [19.86302934437188, 15.08324060784944, -18.869506395095524], [-8.68640724236009, 19.679534321817712, -14.800894769384595], [22.1237146936542, 5.948610947298505, -12.057864164076559], [-30.0, 13.90928664373758, 24.228165361757263], [-2.2473993787673656, -29.422820234034077, -17.820073285712205], [-15.49597062347082, -22.47843356180168, 29.953885272487774], [-19.63768211308168, -23.614128673211383, 28.95854927273418], [-29.99378825347675, -27.365647173854082, -10.511285961700612], [29.994669940632164, 4.098839109248054, -21.654921238232674], [-18.09254062084885, 28.21851614236747, -25.769020883310887], [-29.998459392413718, 15.165083450275567, -12.63601718771887], [-3.3004646773944373, 29.39413350540839, 29.67186687545864], [-16.54670471191235, -29.251810648391125, 29.39742080854969], [-0.6143184237243737, -23.908124560385883, -27.99868358715854], [-17.258264945604104, 24.45656365609119, -23.281103364191644], [-29.993633021798054, -22.48128470526735, -5.201094734895069], [-15.878421261364725, 27.706742039434097, -27.953171764297192], [-17.893736417021234, 29.446482544915945, -28.891805652805978], [-19.245192205695023, 29.551531944630675, 28.25139771322094], [-20.11461128724056, -29.561012246818873, 29.33925519890071], [-10.78394483025134, -26.583754835087724, 26.798608879521602], [-10.849092339136323, 29.49286872851809, -27.649822647575345], [-20.671606743287533, 23.914128919011787, -29.895737248078472], [29.999962129467754, -26.62281161644985, 28.01395902542812], [-21.505975374329978, -25.670808381975966, -29.89287546491396], [7.716034170259491, -28.35842435413086, 26.278818550665747], [30.0, 28.102121202755818, 30.0], [-30.0, -23.26211683179392, -30.0], [16.93123260703468, -28.91012728981764, 30.0], [-30.0, 14.085376683123421, -25.147828318732966], [-14.033234723145004, -16.415835122322616, 9.895032776813515], [30.0, -26.74305746850572, 15.645457184280865], [30.0, 27.958148244529042, 30.0], [10.623987961621111, 7.5036214748039285, 30.0], [-1.029009808471276, -30.0, 18.878526632276753], [-30.0, -4.998139250851846, -30.0], [30.0, -30.0, 0.19078758507536264], [29.877090740721584, 29.32215177428118, 29.863994883889312], [-29.906312182717613, -16.677678630126863, 29.851060450206013], [-29.98028571848813, 12.925110018313646, 10.787260913016631], [29.987817584968212, -18.807663827465202, 29.524175779919652], [29.804203997153365, 8.134963725653108, 21.843939919463693], [29.94755985628519, 11.859852010597777, 29.812715387995468], [6.499896655582688, 18.536558415862963, -29.973148469720925], [29.819921572267923, -22.88229957979089, -29.83935204028139], [29.954532601090982, -3.3315912889306247, 18.564911741968118], [-29.95628799459309, -23.2419026239828, 29.874207143162558], [-28.896176382536826, -23.261964977854298, -29.928709791345874], [29.749270112619172, 29.59632324066491, -29.704415269237895], [-30.0, 11.011521227907494, -30.0], [29.462267807359446, -19.601257325238734, 29.98564713004636], [29.618390497531543, -21.743336570522214, 29.708869845607175], [28.692166749242617, -24.03738668665274, 29.653189360387373], [-29.996943493049702, -2.0552594630256316, 2.007319189836444], [5.894133702255267, 23.587949696029185, 29.97925866956352], [-5.456838238872198, 18.737216884687435, -29.845252839868287], [-4.244292324756799, 29.824521706745017, 2.2663575323283496], [8.184720773112929, -29.28556557707424, -29.84284817513092], [-5.124149407845373, -28.605553396834964, 29.695960356615025], [-16.201350879154223, 28.317379127980992, 29.552299107637246], [-9.176184027979254, 26.779820966672744, 29.72404969347609], [-7.460792797191573, 22.751300456648323, 29.865240377531862], [-11.035166907843745, -2.098537270275184, 19.485260547081715], [-11.663689010968245, -26.394157477083205, -29.982829857143336], [-2.86090217023974, -30.0, 30.0], [-1.4015535635102445, -30.0, 30.0], [-22.389440821274135, 26.492814286519618, 29.67480022754885], [-7.784415593244805, -28.37793325465029, 29.995764279495155], [0.7466018119744255, -29.338504970311092, 29.624041669866628], [6.213342145555885, -29.389652100918656, 11.31277709353612], [30.0, -19.868211177869334, 28.176923118254606], [-29.35571299854627, 16.766739364763588, -18.878071698899276], [-17.285061340627536, 27.563993484993425, -29.637980771398833], [-29.774962734357228, 15.13793239378603, -18.458060629336927], [-26.922186602901448, 15.741025522528282, -18.390769674561554], [30.0, -18.178409034655168, 26.45872323848546], [24.266643030637773, -18.003159140346924, 27.903988509964798], [-15.959719400852816, 30.0, -28.99904735810656], [-28.997118982015927, 15.422814335002478, -18.414117767006143], [-30.0, 16.532223528235683, -17.785166680676117], [-28.507807692173053, 12.867825701265566, -19.002054316906737], [-12.13450859873856, 30.0, 22.668327957122962], [-26.89118619964992, 18.59061181230819, -20.62093957303237], [-14.054392015643124, 22.87568616247586, 21.77343345538992], [-18.010261108657062, 29.64700452599424, 17.49425825354095], [30.0, 30.0, 18.024070107201524], [23.739146430342686, 30.0, 22.488607972049316], [30.0, 22.143126520882724, 17.88520143097015], [30.0, 25.825607341964783, 8.138118805363192], [30.0, 24.3747307302067, 23.265066362761885], [30.0, -15.678957205201666, 30.0], [-3.0205111119833568, -19.850120864789794, 30.0], [4.679901213175619, -19.48729115741902, 21.883547951401184], [30.0, -19.520796291105643, 22.305262836425705], [24.291091824794997, 19.8495076423104, 21.477684170549722], [-5.875016120199174, -1.4899201168974514, -30.0], [-11.684071889415282, 15.3206325726254, 17.288692619727804], [-3.1908635142809203, -5.785060807402971, -11.65830955008484], [-13.673949542024843, -9.336674611303462, -16.494121194165864], [-7.981162683097384, 1.1844644923042686, -4.900043601249216], [4.62841064142652, -8.521330477595662, -20.11431544313778], [14.005952938243254, -30.0, 19.26028946229834], [-15.860133013897448, 17.385456548356174, -30.0], [-2.9880178315175563, -30.0, 5.0103127340004505], [4.636318677126958, -12.707667903617054, -3.5639180661728673], [-7.353426888076726, -11.421663750772638, 30.0], [-2.475050843706885, -7.043234936886307, 30.0], [-14.125897713670193, -9.200307300933972, 30.0], [-8.815954549705499, -16.353967069713697, 30.0], [-30.0, -30.0, 15.064992549656957], [-18.17881621924738, -7.590946899413847, -30.0], [-30.0, 30.0, 10.947398653709712], [7.00715384521741, -25.685860997283626, -2.063343246827536], [-30.0, -3.2357134527405194, 30.0], [14.688415332655204, 30.0, -30.0], [-30.0, -10.761501071453782, -17.799901344086827], [15.66214865100902, -17.00656362897965, -11.561542508202724], [16.802848180460323, -14.380038457511933, -2.4630396375424866], [18.317036246539885, -18.110545371133544, -19.142892695740155], [6.329501692054343, -18.390746895359406, -11.737393220437571], [-7.601442343015293, -14.057018577164683, 24.618090945363328], [-14.00318538346022, 25.174474224265545, 25.88381989283853], [-1.0134115631703757, 2.8512757853139448, -18.923757996484227], [6.971611993569823, 1.2711524235142697, -30.0], [-10.402367199454872, 2.0931097954173055, 30.0], [-13.948389626974912, 10.560206884109284, 30.0], [-17.304832540302574, 2.8155085160095012, 30.0], [-6.618441917722308, 8.238442520647972, 30.0], [-14.976464206634098, 18.77343981812472, 30.0], [21.549352327785947, 30.0, 30.0], [-6.6091436071304415, -17.26440437936634, -3.780904182834952], [2.654883608212657, -1.998955650874855, 6.356340256842508], [30.0, -30.0, -18.87938820983993], [24.605547866837867, -30.0, -15.574838193238605], [30.0, -30.0, -22.906284974337755], [30.0, -22.52212380376554, -16.124836246056084], [30.0, 30.0, -15.197417605682388], [14.839361331082458, -30.0, -11.544550763343143], [12.973147153102815, 30.0, -10.356219659757254], [14.718192090844724, -7.77503464852682, -30.0], [3.577585541621069, -9.705662600819053, -30.0], [-21.722767952025684, 15.28677177896045, -18.73498406186266]]
 output
 [ 96.97168401 104.15730786  86.34520436  86.48097786  69.64205087
  99.71602151  87.07956472  81.0067396  100.84332082  95.49242615
 102.81930824  94.60753842  92.97328293  84.8805331   84.54087802
  86.20187742  99.97976052  87.02312601  88.36681866  81.84017659
  82.33485095  89.16147018  81.36196459  90.62603297  72.28528568
  72.81731973  78.49806711  83.76529329  82.01042084  88.82909326
  80.56315731  88.26558106  89.2636098   78.92253037  79.40822236
  88.21828591  82.11584655  87.31089519  96.37699096  82.26694462
  79.46047011  92.55711221  80.81319005  82.10044442 104.88800024
  78.53790781  85.4057417   92.94739287  72.10195498  85.17943426
  86.09837383  87.20031609  86.32950365 101.78238926  85.19019589
  87.85810825  84.55299963  90.05121765  74.18732681  74.94529064
  91.74555968  87.09094753  98.2516345   85.06072022  93.78469987
  95.08067409  77.37487444  79.09590606  77.35105766  81.6839374
  86.0192109   93.61134714  77.50287635  81.09554432  84.84629239
  74.90261454  83.19733759  82.66934618  70.56723623  70.54729131
  77.07525931  70.04368172  76.11820546  72.91366619  91.84557014
  71.97457116  71.60135438  83.05492579  80.94143306  77.85596375
  76.90529972  77.12001223  80.74282566  77.68738641  79.85014758
  76.46898058  99.91418547  78.78100472  79.78884139  79.05001122
  93.5709544   75.24189412  81.23109746  85.01120525  95.79121977
  81.05017823  84.45387903  88.22927347  86.00434853  92.0966136
  86.10173792  82.98799386  83.3081514   75.87289159  82.01266853
  81.67340598  75.87920549 107.97928632  88.73635779  89.51888403
  82.59913373  87.83254087  85.75463346  86.46019552  78.38668344
  98.65385615  90.32596665  92.87821964  86.0591826   76.48859387
  81.30829912  82.05932482  76.8842879   77.34364011  83.98938208
  81.92684401  76.74425894  82.059218    86.28807227 103.1460842
  73.47855025  79.92889776  79.96386817  95.66378151  83.44775665
  90.10714334  82.91505293  81.70172857  90.78601944  79.97794382]
最小値:69.64205087244983
入力値:[-29.058566200681568, 16.16304620691976, -17.793908165162698]
経過時間:261.4494380950928sec
num_evaluation of BBF = 150.0
 input
[[5.570677093501104, 20.655944914861053, 21.47673705736542], [20.83510432704754, 7.4138218071583495, -6.937097562438005], [-12.14792360733166, -26.59722136095341, -13.640622325193206], [-30.0, -30.0, -13.1808941159398], [-29.058566200681568, 16.16304620691976, -17.793908165162698], [-30.0, 30.0, -19.490623602997935], [-25.41915171466041, 3.1651053387369217, -17.404320821875707], [-11.050496693219117, 0.2970874151961489, -18.102668550181743], [19.86302934437188, 15.08324060784944, -18.869506395095524], [-8.68640724236009, 19.679534321817712, -14.800894769384595], [22.1237146936542, 5.948610947298505, -12.057864164076559], [-30.0, 13.90928664373758, 24.228165361757263], [-2.2473993787673656, -29.422820234034077, -17.820073285712205], [-15.49597062347082, -22.47843356180168, 29.953885272487774], [-19.63768211308168, -23.614128673211383, 28.95854927273418], [-29.99378825347675, -27.365647173854082, -10.511285961700612], [29.994669940632164, 4.098839109248054, -21.654921238232674], [-18.09254062084885, 28.21851614236747, -25.769020883310887], [-29.998459392413718, 15.165083450275567, -12.63601718771887], [-3.3004646773944373, 29.39413350540839, 29.67186687545864], [-16.54670471191235, -29.251810648391125, 29.39742080854969], [-0.6143184237243737, -23.908124560385883, -27.99868358715854], [-17.258264945604104, 24.45656365609119, -23.281103364191644], [-29.993633021798054, -22.48128470526735, -5.201094734895069], [-15.878421261364725, 27.706742039434097, -27.953171764297192], [-17.893736417021234, 29.446482544915945, -28.891805652805978], [-19.245192205695023, 29.551531944630675, 28.25139771322094], [-20.11461128724056, -29.561012246818873, 29.33925519890071], [-10.78394483025134, -26.583754835087724, 26.798608879521602], [-10.849092339136323, 29.49286872851809, -27.649822647575345], [-20.671606743287533, 23.914128919011787, -29.895737248078472], [29.999962129467754, -26.62281161644985, 28.01395902542812], [-21.505975374329978, -25.670808381975966, -29.89287546491396], [7.716034170259491, -28.35842435413086, 26.278818550665747], [30.0, 28.102121202755818, 30.0], [-30.0, -23.26211683179392, -30.0], [16.93123260703468, -28.91012728981764, 30.0], [-30.0, 14.085376683123421, -25.147828318732966], [-14.033234723145004, -16.415835122322616, 9.895032776813515], [30.0, -26.74305746850572, 15.645457184280865], [30.0, 27.958148244529042, 30.0], [10.623987961621111, 7.5036214748039285, 30.0], [-1.029009808471276, -30.0, 18.878526632276753], [-30.0, -4.998139250851846, -30.0], [30.0, -30.0, 0.19078758507536264], [29.877090740721584, 29.32215177428118, 29.863994883889312], [-29.906312182717613, -16.677678630126863, 29.851060450206013], [-29.98028571848813, 12.925110018313646, 10.787260913016631], [29.987817584968212, -18.807663827465202, 29.524175779919652], [29.804203997153365, 8.134963725653108, 21.843939919463693], [29.94755985628519, 11.859852010597777, 29.812715387995468], [6.499896655582688, 18.536558415862963, -29.973148469720925], [29.819921572267923, -22.88229957979089, -29.83935204028139], [29.954532601090982, -3.3315912889306247, 18.564911741968118], [-29.95628799459309, -23.2419026239828, 29.874207143162558], [-28.896176382536826, -23.261964977854298, -29.928709791345874], [29.749270112619172, 29.59632324066491, -29.704415269237895], [-30.0, 11.011521227907494, -30.0], [29.462267807359446, -19.601257325238734, 29.98564713004636], [29.618390497531543, -21.743336570522214, 29.708869845607175], [28.692166749242617, -24.03738668665274, 29.653189360387373], [-29.996943493049702, -2.0552594630256316, 2.007319189836444], [5.894133702255267, 23.587949696029185, 29.97925866956352], [-5.456838238872198, 18.737216884687435, -29.845252839868287], [-4.244292324756799, 29.824521706745017, 2.2663575323283496], [8.184720773112929, -29.28556557707424, -29.84284817513092], [-5.124149407845373, -28.605553396834964, 29.695960356615025], [-16.201350879154223, 28.317379127980992, 29.552299107637246], [-9.176184027979254, 26.779820966672744, 29.72404969347609], [-7.460792797191573, 22.751300456648323, 29.865240377531862], [-11.035166907843745, -2.098537270275184, 19.485260547081715], [-11.663689010968245, -26.394157477083205, -29.982829857143336], [-2.86090217023974, -30.0, 30.0], [-1.4015535635102445, -30.0, 30.0], [-22.389440821274135, 26.492814286519618, 29.67480022754885], [-7.784415593244805, -28.37793325465029, 29.995764279495155], [0.7466018119744255, -29.338504970311092, 29.624041669866628], [6.213342145555885, -29.389652100918656, 11.31277709353612], [30.0, -19.868211177869334, 28.176923118254606], [-29.35571299854627, 16.766739364763588, -18.878071698899276], [-17.285061340627536, 27.563993484993425, -29.637980771398833], [-29.774962734357228, 15.13793239378603, -18.458060629336927], [-26.922186602901448, 15.741025522528282, -18.390769674561554], [30.0, -18.178409034655168, 26.45872323848546], [24.266643030637773, -18.003159140346924, 27.903988509964798], [-15.959719400852816, 30.0, -28.99904735810656], [-28.997118982015927, 15.422814335002478, -18.414117767006143], [-30.0, 16.532223528235683, -17.785166680676117], [-28.507807692173053, 12.867825701265566, -19.002054316906737], [-12.13450859873856, 30.0, 22.668327957122962], [-26.89118619964992, 18.59061181230819, -20.62093957303237], [-14.054392015643124, 22.87568616247586, 21.77343345538992], [-18.010261108657062, 29.64700452599424, 17.49425825354095], [30.0, 30.0, 18.024070107201524], [23.739146430342686, 30.0, 22.488607972049316], [30.0, 22.143126520882724, 17.88520143097015], [30.0, 25.825607341964783, 8.138118805363192], [30.0, 24.3747307302067, 23.265066362761885], [30.0, -15.678957205201666, 30.0], [-3.0205111119833568, -19.850120864789794, 30.0], [4.679901213175619, -19.48729115741902, 21.883547951401184], [30.0, -19.520796291105643, 22.305262836425705], [24.291091824794997, 19.8495076423104, 21.477684170549722], [-5.875016120199174, -1.4899201168974514, -30.0], [-11.684071889415282, 15.3206325726254, 17.288692619727804], [-3.1908635142809203, -5.785060807402971, -11.65830955008484], [-13.673949542024843, -9.336674611303462, -16.494121194165864], [-7.981162683097384, 1.1844644923042686, -4.900043601249216], [4.62841064142652, -8.521330477595662, -20.11431544313778], [14.005952938243254, -30.0, 19.26028946229834], [-15.860133013897448, 17.385456548356174, -30.0], [-2.9880178315175563, -30.0, 5.0103127340004505], [4.636318677126958, -12.707667903617054, -3.5639180661728673], [-7.353426888076726, -11.421663750772638, 30.0], [-2.475050843706885, -7.043234936886307, 30.0], [-14.125897713670193, -9.200307300933972, 30.0], [-8.815954549705499, -16.353967069713697, 30.0], [-30.0, -30.0, 15.064992549656957], [-18.17881621924738, -7.590946899413847, -30.0], [-30.0, 30.0, 10.947398653709712], [7.00715384521741, -25.685860997283626, -2.063343246827536], [-30.0, -3.2357134527405194, 30.0], [14.688415332655204, 30.0, -30.0], [-30.0, -10.761501071453782, -17.799901344086827], [15.66214865100902, -17.00656362897965, -11.561542508202724], [16.802848180460323, -14.380038457511933, -2.4630396375424866], [18.317036246539885, -18.110545371133544, -19.142892695740155], [6.329501692054343, -18.390746895359406, -11.737393220437571], [-7.601442343015293, -14.057018577164683, 24.618090945363328], [-14.00318538346022, 25.174474224265545, 25.88381989283853], [-1.0134115631703757, 2.8512757853139448, -18.923757996484227], [6.971611993569823, 1.2711524235142697, -30.0], [-10.402367199454872, 2.0931097954173055, 30.0], [-13.948389626974912, 10.560206884109284, 30.0], [-17.304832540302574, 2.8155085160095012, 30.0], [-6.618441917722308, 8.238442520647972, 30.0], [-14.976464206634098, 18.77343981812472, 30.0], [21.549352327785947, 30.0, 30.0], [-6.6091436071304415, -17.26440437936634, -3.780904182834952], [2.654883608212657, -1.998955650874855, 6.356340256842508], [30.0, -30.0, -18.87938820983993], [24.605547866837867, -30.0, -15.574838193238605], [30.0, -30.0, -22.906284974337755], [30.0, -22.52212380376554, -16.124836246056084], [30.0, 30.0, -15.197417605682388], [14.839361331082458, -30.0, -11.544550763343143], [12.973147153102815, 30.0, -10.356219659757254], [14.718192090844724, -7.77503464852682, -30.0], [3.577585541621069, -9.705662600819053, -30.0], [-21.722767952025684, 15.28677177896045, -18.73498406186266], [-13.176897993619594, -30.0, -2.78692062108394], [-6.747397615507062, 30.0, 18.091921258739923], [-1.804443135014921, 8.062419116066195, -30.0], [30.0, -8.869695162691382, -30.0], [12.476531930986482, 30.0, 9.302115881205552], [22.812560450035676, -30.0, -23.55293873197596], [-21.82623282622368, 30.0, -30.0], [-30.0, 30.0, -30.0], [-23.25676827357727, 30.0, -30.0], [30.0, 30.0, 23.483905518340983], [-30.0, 25.1939984760889, -30.0], [-30.0, 30.0, 22.95568533342], [9.596806504787388, 30.0, -19.440750737600673], [-20.780997866353637, 30.0, -30.0], [-30.0, 30.0, -1.3275732362799957], [-30.0, -5.29134664574207, 16.230380731052435], [-20.095513743043284, -7.058065944892615, -7.315354327995021], [21.15318672311608, 30.0, -20.29599706112657], [-10.970486605543819, 30.0, 26.413127935894494], [30.0, 17.900399834371868, -30.0], [30.0, 30.0, -6.621645465194863], [22.618781941270313, 30.0, -7.691049804382015], [30.0, -18.492079665422555, 17.76757252857221], [30.0, -7.769430931072581, 30.0], [-24.538373205492682, 30.0, -30.0], [7.677660216945455, -30.0, 3.9339298079093155], [-30.0, -30.0, -21.9143491703756], [-6.417707525577715, -30.0, 13.383514547109307], [-13.034512362584913, 7.155120153380977, -23.224597612100297], [30.0, -15.056556877590474, 25.989953386611006], [1.2334764842410273, 30.0, -30.0], [30.0, 23.59766036985544, -7.762702242144208], [30.0, 30.0, -3.1117530033123195], [-13.603911382164277, 30.0, 11.469673620441029], [30.0, 30.0, -9.936785060569086], [23.313022915980127, 30.0, -11.591925826402516], [30.0, 18.532658593300994, 22.965784632682123], [-13.490499021918698, 17.298379236640727, 26.486182139526143], [6.477704766264459, -15.479056236297254, 30.0], [-19.681358677121345, 30.0, -30.0], [-19.71463408823569, 14.95335579468567, 30.0], [5.208570394362212, -2.2245337723778746, -12.055984071509663], [-6.2741109951216885, -4.783644300095709, -21.885097659202703], [1.0742522965412746, 28.24070675074008, -8.930053130183286], [30.0, -30.0, 20.790834907569092], [30.0, 0.2752342432837125, 30.0], [-20.30316660280097, 30.0, -30.0], [30.0, 14.121418660656794, 15.011887052788225], [23.95601950315983, 25.111992326895987, -9.753799252225928], [30.0, 25.009866311170967, -11.187241893010505]]
 output
 [ 96.97168401 104.15730786  86.34520436  86.48097786  69.64205087
  99.71602151  87.07956472  81.0067396  100.84332082  95.49242615
 102.81930824  94.60753842  92.97328293  84.8805331   84.54087802
  86.20187742  99.97976052  87.02312601  88.36681866  81.84017659
  82.33485095  89.16147018  81.36196459  90.62603297  72.28528568
  72.81731973  78.49806711  83.76529329  82.01042084  88.82909326
  80.56315731  88.26558106  89.2636098   78.92253037  79.40822236
  88.21828591  82.11584655  87.31089519  96.37699096  82.26694462
  79.46047011  92.55711221  80.81319005  82.10044442 104.88800024
  78.53790781  85.4057417   92.94739287  72.10195498  85.17943426
  86.09837383  87.20031609  86.32950365 101.78238926  85.19019589
  87.85810825  84.55299963  90.05121765  74.18732681  74.94529064
  91.74555968  87.09094753  98.2516345   85.06072022  93.78469987
  95.08067409  77.37487444  79.09590606  77.35105766  81.6839374
  86.0192109   93.61134714  77.50287635  81.09554432  84.84629239
  74.90261454  83.19733759  82.66934618  70.56723623  70.54729131
  77.07525931  70.04368172  76.11820546  72.91366619  91.84557014
  71.97457116  71.60135438  83.05492579  80.94143306  77.85596375
  76.90529972  77.12001223  80.74282566  77.68738641  79.85014758
  76.46898058  99.91418547  78.78100472  79.78884139  79.05001122
  93.5709544   75.24189412  81.23109746  85.01120525  95.79121977
  81.05017823  84.45387903  88.22927347  86.00434853  92.0966136
  86.10173792  82.98799386  83.3081514   75.87289159  82.01266853
  81.67340598  75.87920549 107.97928632  88.73635779  89.51888403
  82.59913373  87.83254087  85.75463346  86.46019552  78.38668344
  98.65385615  90.32596665  92.87821964  86.0591826   76.48859387
  81.30829912  82.05932482  76.8842879   77.34364011  83.98938208
  81.92684401  76.74425894  82.059218    86.28807227 103.1460842
  73.47855025  79.92889776  79.96386817  95.66378151  83.44775665
  90.10714334  82.91505293  81.70172857  90.78601944  79.97794382
  92.88063702  80.3673724   85.68183986  94.27697831  96.33298815
  87.33663446  73.80544118  74.74164696  73.30945591  79.93696599
  78.06929093  96.5974748   83.5870395   72.74320734  96.76186522
  92.44646343  89.57610087  85.18088867  77.08552615  99.99543539
  77.2566724   78.58270119  84.3056011   78.37915238  73.79787845
  94.80615207  89.43520137  96.09878578  82.59353442  80.17707599
  93.18695017  77.31087958  82.98023701  89.57457232  74.89272642
  75.66197073  81.63536788  78.36668488  83.25044279  71.66059514
  80.69016381  89.73033201  84.58534654  89.46781249  90.9495794
  96.06632391  71.73074816  79.92200348  75.39017089  79.20917718]
最小値:69.64205087244983
入力値:[-29.058566200681568, 16.16304620691976, -17.793908165162698]
経過時間:293.7559714317322sec
num_evaluation of BBF = 200.0
 input
[[29.831088656332128, 25.95344156031954, -22.312533124238595], [29.942430919448697, -15.834661382881434, -6.2051563622384265], [-6.7253555302795505, 10.18476220820881, 26.132344248361925], [3.295728343596494, -20.26466842670191, -16.52898397173956], [30.0, -27.799535164383656, -2.5692929116823606], [27.34127710703445, -15.716680496572335, -4.558101191996421], [28.754558486962452, -16.191887094513717, -11.19204165074198], [30.0, -14.056254878628213, 11.43826324937443], [30.0, -15.499528026130715, -11.419107853342709], [-17.669780074708008, 9.719126421567282, -6.729098935500037]]
 output
 [ 88.03989603  80.93493887  91.723152    91.03133437 100.24054353
  88.75561153  85.11455773  91.19846497  82.91777492  99.0957011 ]
最小値:80.93493887363445
入力値:[29.942430919448697, -15.834661382881434, -6.2051563622384265]
経過時間:43.415061712265015sec
num_evaluation of BBF = 10.0
 input
[[29.831088656332128, 25.95344156031954, -22.312533124238595], [29.942430919448697, -15.834661382881434, -6.2051563622384265], [-6.7253555302795505, 10.18476220820881, 26.132344248361925], [3.295728343596494, -20.26466842670191, -16.52898397173956], [30.0, -27.799535164383656, -2.5692929116823606], [27.34127710703445, -15.716680496572335, -4.558101191996421], [28.754558486962452, -16.191887094513717, -11.19204165074198], [30.0, -14.056254878628213, 11.43826324937443], [30.0, -15.499528026130715, -11.419107853342709], [-17.669780074708008, 9.719126421567282, -6.729098935500037], [30.0, -16.394574973063055, 15.245390384235947], [30.0, -17.947718152591086, -30.0], [29.585087083906195, 27.305550132511733, -11.88029705834002], [30.0, -28.719607669862032, -12.464032207569527], [22.82040787625789, 30.0, -11.900610891609375], [16.16746544126699, 18.758164257022656, -11.93192839705138], [24.38882362468629, -30.0, -12.005288515073396], [23.647723550487285, 30.0, -12.136271429825516], [30.0, 24.78600935155051, -7.4394855331162155], [25.44218053320754, 30.0, -7.8363215864214695], [23.82822998728492, 30.0, -13.960620476878074], [22.254141618104867, 30.0, -9.19841844332165], [-30.0, 30.0, -30.0], [-23.455696111789237, -30.0, -30.0], [-30.0, 30.0, -27.298178674067238], [23.775860298596598, 30.0, -9.692141834341335], [30.0, -28.684339609222125, 30.0], [23.997198265135573, 24.23770033621556, -4.004124383793165], [16.800439157567205, 30.0, -4.739413677190452], [-30.0, 30.0, 16.680845925211862]]
 output
 [ 88.03989603  80.93493887  91.723152    91.03133437 100.24054353
  88.75561153  85.11455773  91.19846497  82.91777492  99.0957011
  86.82183156  91.63730241  79.49815347  83.92029485  75.7817977
  83.68704376  79.51148171  76.00797458  75.97083362  75.44906496
  79.35341656  74.80021606  74.74164696  90.69617309  76.9435162
  74.91083045  95.73090759  82.86041545  81.87557038  86.39982936]
最小値:74.74164695601154
入力値:[-30.0, 30.0, -30.0]
経過時間:88.11687469482422sec
num_evaluation of BBF = 30.0
 input
[[29.831088656332128, 25.95344156031954, -22.312533124238595], [29.942430919448697, -15.834661382881434, -6.2051563622384265], [-6.7253555302795505, 10.18476220820881, 26.132344248361925], [3.295728343596494, -20.26466842670191, -16.52898397173956], [30.0, -27.799535164383656, -2.5692929116823606], [27.34127710703445, -15.716680496572335, -4.558101191996421], [28.754558486962452, -16.191887094513717, -11.19204165074198], [30.0, -14.056254878628213, 11.43826324937443], [30.0, -15.499528026130715, -11.419107853342709], [-17.669780074708008, 9.719126421567282, -6.729098935500037], [30.0, -16.394574973063055, 15.245390384235947], [30.0, -17.947718152591086, -30.0], [29.585087083906195, 27.305550132511733, -11.88029705834002], [30.0, -28.719607669862032, -12.464032207569527], [22.82040787625789, 30.0, -11.900610891609375], [16.16746544126699, 18.758164257022656, -11.93192839705138], [24.38882362468629, -30.0, -12.005288515073396], [23.647723550487285, 30.0, -12.136271429825516], [30.0, 24.78600935155051, -7.4394855331162155], [25.44218053320754, 30.0, -7.8363215864214695], [23.82822998728492, 30.0, -13.960620476878074], [22.254141618104867, 30.0, -9.19841844332165], [-30.0, 30.0, -30.0], [-23.455696111789237, -30.0, -30.0], [-30.0, 30.0, -27.298178674067238], [23.775860298596598, 30.0, -9.692141834341335], [30.0, -28.684339609222125, 30.0], [23.997198265135573, 24.23770033621556, -4.004124383793165], [16.800439157567205, 30.0, -4.739413677190452], [-30.0, 30.0, 16.680845925211862], [-14.179749294544191, 30.0, -30.0], [30.0, 30.0, -30.0], [-19.67098890400734, 18.69569931525467, -30.0], [-21.153030965916102, 30.0, -30.0], [30.0, -10.630924277429624, -9.315542799067671], [-20.19695258192686, 28.655480456404746, -30.0], [30.0, 25.340525555984378, -7.407938045028487], [21.322876900744838, 28.712366582084073, -8.80707892860789], [-30.0, 30.0, -17.163194748274602], [30.0, 30.0, 9.69155100887886], [-30.0, -30.0, 17.054252466661623], [-30.0, 30.0, 30.0], [-30.0, -30.0, -10.26994446779501], [-30.0, 5.802318816438316, 13.397681747122888], [30.0, -0.09744468309708765, 30.0], [-30.0, 30.0, -25.855710623722754], [30.0, 30.0, 23.48557238757634], [30.0, 13.546850308898954, 19.80395399225769], [30.0, 30.0, 19.31683827157545], [7.256947924300476, 30.0, 20.393246763257018]]
 output
 [ 88.03989603  80.93493887  91.723152    91.03133437 100.24054353
  88.75561153  85.11455773  91.19846497  82.91777492  99.0957011
  86.82183156  91.63730241  79.49815347  83.92029485  75.7817977
  83.68704376  79.51148171  76.00797458  75.97083362  75.44906496
  79.35341656  74.80021606  74.74164696  90.69617309  76.9435162
  74.91083045  95.73090759  82.86041545  81.87557038  86.39982936
  73.59873003  83.78682405  84.12599569  72.7722843   91.54224843
  84.66662427  75.87180875  79.60932148  89.18012873  99.1572694
 106.37134748  99.74551999  86.31523398  94.3427768   94.50042479
  79.55954993  79.93704156  80.03905171  77.53629324  93.80262888]
最小値:72.77228430481584
入力値:[-21.153030965916102, 30.0, -30.0]
経過時間:90.40014147758484sec
num_evaluation of BBF = 50.0
 input
[[29.831088656332128, 25.95344156031954, -22.312533124238595], [29.942430919448697, -15.834661382881434, -6.2051563622384265], [-6.7253555302795505, 10.18476220820881, 26.132344248361925], [3.295728343596494, -20.26466842670191, -16.52898397173956], [30.0, -27.799535164383656, -2.5692929116823606], [27.34127710703445, -15.716680496572335, -4.558101191996421], [28.754558486962452, -16.191887094513717, -11.19204165074198], [30.0, -14.056254878628213, 11.43826324937443], [30.0, -15.499528026130715, -11.419107853342709], [-17.669780074708008, 9.719126421567282, -6.729098935500037], [30.0, -16.394574973063055, 15.245390384235947], [30.0, -17.947718152591086, -30.0], [29.585087083906195, 27.305550132511733, -11.88029705834002], [30.0, -28.719607669862032, -12.464032207569527], [22.82040787625789, 30.0, -11.900610891609375], [16.16746544126699, 18.758164257022656, -11.93192839705138], [24.38882362468629, -30.0, -12.005288515073396], [23.647723550487285, 30.0, -12.136271429825516], [30.0, 24.78600935155051, -7.4394855331162155], [25.44218053320754, 30.0, -7.8363215864214695], [23.82822998728492, 30.0, -13.960620476878074], [22.254141618104867, 30.0, -9.19841844332165], [-30.0, 30.0, -30.0], [-23.455696111789237, -30.0, -30.0], [-30.0, 30.0, -27.298178674067238], [23.775860298596598, 30.0, -9.692141834341335], [30.0, -28.684339609222125, 30.0], [23.997198265135573, 24.23770033621556, -4.004124383793165], [16.800439157567205, 30.0, -4.739413677190452], [-30.0, 30.0, 16.680845925211862], [-14.179749294544191, 30.0, -30.0], [30.0, 30.0, -30.0], [-19.67098890400734, 18.69569931525467, -30.0], [-21.153030965916102, 30.0, -30.0], [30.0, -10.630924277429624, -9.315542799067671], [-20.19695258192686, 28.655480456404746, -30.0], [30.0, 25.340525555984378, -7.407938045028487], [21.322876900744838, 28.712366582084073, -8.80707892860789], [-30.0, 30.0, -17.163194748274602], [30.0, 30.0, 9.69155100887886], [-30.0, -30.0, 17.054252466661623], [-30.0, 30.0, 30.0], [-30.0, -30.0, -10.26994446779501], [-30.0, 5.802318816438316, 13.397681747122888], [30.0, -0.09744468309708765, 30.0], [-30.0, 30.0, -25.855710623722754], [30.0, 30.0, 23.48557238757634], [30.0, 13.546850308898954, 19.80395399225769], [30.0, 30.0, 19.31683827157545], [7.256947924300476, 30.0, 20.393246763257018], [1.4849905315367167, 30.0, -30.0], [10.680462269193775, 23.753397221075517, 12.083544471021717], [-30.0, -30.0, -19.962081385913983], [30.0, -30.0, -19.48118302422715], [-16.68205627478343, 30.0, -24.49439278896262], [30.0, 30.0, -9.300424518727016], [-1.2665154955427056, 18.291817693163637, -27.57357928553009], [2.2304145670156004, -21.56505717861242, 21.3406894214285], [-0.5931274852319142, -30.0, 30.0], [14.170562832202819, -30.0, 21.266734785560615], [3.9791246496908457, -30.0, -30.0], [30.0, 30.0, -9.151136050098632], [21.42352529424692, -7.221706159311982, -7.258078500776477], [30.0, 24.22155758450633, -12.361602685604726], [11.59618934881177, -30.0, -15.944911829104804], [30.0, 12.773141103723674, 9.84061672211574], [-0.7097400188711838, -14.567676826360845, 30.0], [-7.929311094193679, -19.51746847453699, 25.90606927083175], [30.0, 14.222818188900646, 27.58033599441591], [8.140110892179365, -12.12714515954724, 30.0], [-30.0, 20.703601516341962, -30.0], [-1.183960356151129, -30.0, 11.766803025223915], [7.5263186967339095, 30.0, -13.235806648863594], [2.9613414642693385, 30.0, -7.591068886994325], [13.71326045234457, 30.0, -17.169953875098095], [14.70022115099669, 30.0, -12.913951610750846], [6.247515957480751, 20.652631485991634, -18.19263595257599], [-16.6641963665531, -15.153226109137236, 30.0], [9.45042370413345, -16.59751041506185, 30.0], [9.52291614169966, 28.449489369352165, -16.891707321168944], [-30.0, 0.6011474862213966, -30.0], [-7.009170290656211, 0.8139147240809592, -30.0], [30.0, 30.0, -5.967117564108282], [21.21613431442703, 30.0, 30.0], [-30.0, 30.0, 3.7876251258939746], [-13.396570099381648, -30.0, -5.088576474049397], [24.457157913003385, 22.230769724199682, 22.429638892713086], [30.0, 8.909836474947035, -30.0], [-30.0, -2.1639868677147085, -19.057920237611015], [17.78617654602113, -22.313089316249403, 20.828532943799814], [13.966621263104862, 30.0, -10.578642019597709], [30.0, 30.0, -8.891633206101773], [18.5400143294235, 30.0, -16.663458133335062], [-10.660943370155394, 30.0, -30.0], [-3.6181226653415592, 16.230233713417768, -8.369620786429987], [5.614773945851063, -8.773093500817723, 18.14822697626299], [-30.0, -14.411799788595847, -2.9753221963800804], [-30.0, 0.17087304463182917, 30.0], [30.0, 25.53469824105116, 30.0], [-16.58558196093856, -12.79628272753321, -30.0]]
 output
 [ 88.03989603  80.93493887  91.723152    91.03133437 100.24054353
  88.75561153  85.11455773  91.19846497  82.91777492  99.0957011
  86.82183156  91.63730241  79.49815347  83.92029485  75.7817977
  83.68704376  79.51148171  76.00797458  75.97083362  75.44906496
  79.35341656  74.80021606  74.74164696  90.69617309  76.9435162
  74.91083045  95.73090759  82.86041545  81.87557038  86.39982936
  73.59873003  83.78682405  84.12599569  72.7722843   91.54224843
  84.66662427  75.87180875  79.60932148  89.18012873  99.1572694
 106.37134748  99.74551999  86.31523398  94.3427768   94.50042479
  79.55954993  79.93704156  80.03905171  77.53629324  93.80262888
  94.047437    99.40202932  89.57381334  79.83832532  87.30841881
  74.67861173  84.89163373  80.75876018  81.8319589   88.93087372
  91.96928573  74.78204079 105.26178656  81.26015029 102.79236139
  97.39639574  79.10721583  84.53354132  84.44086858  88.74572783
  78.79653411  91.7947015   77.72040847  82.45986422  75.78869682
  76.77112859 100.01371967  86.59603097  86.28052182  85.42436532
  85.1272854   85.92213296  78.64921755  82.36342015  96.32339417
  89.57058194  80.91534574  90.12523167  92.4099709   84.0118794
  83.97865097  74.89761214  74.71654559  83.25344822 103.39342482
 100.3955696   87.90307411  92.2493991   80.38748237  88.02571781]
最小値:72.77228430481584
入力値:[-21.153030965916102, 30.0, -30.0]
経過時間:240.23084712028503sec
num_evaluation of BBF = 100.0
 input
[[29.831088656332128, 25.95344156031954, -22.312533124238595], [29.942430919448697, -15.834661382881434, -6.2051563622384265], [-6.7253555302795505, 10.18476220820881, 26.132344248361925], [3.295728343596494, -20.26466842670191, -16.52898397173956], [30.0, -27.799535164383656, -2.5692929116823606], [27.34127710703445, -15.716680496572335, -4.558101191996421], [28.754558486962452, -16.191887094513717, -11.19204165074198], [30.0, -14.056254878628213, 11.43826324937443], [30.0, -15.499528026130715, -11.419107853342709], [-17.669780074708008, 9.719126421567282, -6.729098935500037], [30.0, -16.394574973063055, 15.245390384235947], [30.0, -17.947718152591086, -30.0], [29.585087083906195, 27.305550132511733, -11.88029705834002], [30.0, -28.719607669862032, -12.464032207569527], [22.82040787625789, 30.0, -11.900610891609375], [16.16746544126699, 18.758164257022656, -11.93192839705138], [24.38882362468629, -30.0, -12.005288515073396], [23.647723550487285, 30.0, -12.136271429825516], [30.0, 24.78600935155051, -7.4394855331162155], [25.44218053320754, 30.0, -7.8363215864214695], [23.82822998728492, 30.0, -13.960620476878074], [22.254141618104867, 30.0, -9.19841844332165], [-30.0, 30.0, -30.0], [-23.455696111789237, -30.0, -30.0], [-30.0, 30.0, -27.298178674067238], [23.775860298596598, 30.0, -9.692141834341335], [30.0, -28.684339609222125, 30.0], [23.997198265135573, 24.23770033621556, -4.004124383793165], [16.800439157567205, 30.0, -4.739413677190452], [-30.0, 30.0, 16.680845925211862], [-14.179749294544191, 30.0, -30.0], [30.0, 30.0, -30.0], [-19.67098890400734, 18.69569931525467, -30.0], [-21.153030965916102, 30.0, -30.0], [30.0, -10.630924277429624, -9.315542799067671], [-20.19695258192686, 28.655480456404746, -30.0], [30.0, 25.340525555984378, -7.407938045028487], [21.322876900744838, 28.712366582084073, -8.80707892860789], [-30.0, 30.0, -17.163194748274602], [30.0, 30.0, 9.69155100887886], [-30.0, -30.0, 17.054252466661623], [-30.0, 30.0, 30.0], [-30.0, -30.0, -10.26994446779501], [-30.0, 5.802318816438316, 13.397681747122888], [30.0, -0.09744468309708765, 30.0], [-30.0, 30.0, -25.855710623722754], [30.0, 30.0, 23.48557238757634], [30.0, 13.546850308898954, 19.80395399225769], [30.0, 30.0, 19.31683827157545], [7.256947924300476, 30.0, 20.393246763257018], [1.4849905315367167, 30.0, -30.0], [10.680462269193775, 23.753397221075517, 12.083544471021717], [-30.0, -30.0, -19.962081385913983], [30.0, -30.0, -19.48118302422715], [-16.68205627478343, 30.0, -24.49439278896262], [30.0, 30.0, -9.300424518727016], [-1.2665154955427056, 18.291817693163637, -27.57357928553009], [2.2304145670156004, -21.56505717861242, 21.3406894214285], [-0.5931274852319142, -30.0, 30.0], [14.170562832202819, -30.0, 21.266734785560615], [3.9791246496908457, -30.0, -30.0], [30.0, 30.0, -9.151136050098632], [21.42352529424692, -7.221706159311982, -7.258078500776477], [30.0, 24.22155758450633, -12.361602685604726], [11.59618934881177, -30.0, -15.944911829104804], [30.0, 12.773141103723674, 9.84061672211574], [-0.7097400188711838, -14.567676826360845, 30.0], [-7.929311094193679, -19.51746847453699, 25.90606927083175], [30.0, 14.222818188900646, 27.58033599441591], [8.140110892179365, -12.12714515954724, 30.0], [-30.0, 20.703601516341962, -30.0], [-1.183960356151129, -30.0, 11.766803025223915], [7.5263186967339095, 30.0, -13.235806648863594], [2.9613414642693385, 30.0, -7.591068886994325], [13.71326045234457, 30.0, -17.169953875098095], [14.70022115099669, 30.0, -12.913951610750846], [6.247515957480751, 20.652631485991634, -18.19263595257599], [-16.6641963665531, -15.153226109137236, 30.0], [9.45042370413345, -16.59751041506185, 30.0], [9.52291614169966, 28.449489369352165, -16.891707321168944], [-30.0, 0.6011474862213966, -30.0], [-7.009170290656211, 0.8139147240809592, -30.0], [30.0, 30.0, -5.967117564108282], [21.21613431442703, 30.0, 30.0], [-30.0, 30.0, 3.7876251258939746], [-13.396570099381648, -30.0, -5.088576474049397], [24.457157913003385, 22.230769724199682, 22.429638892713086], [30.0, 8.909836474947035, -30.0], [-30.0, -2.1639868677147085, -19.057920237611015], [17.78617654602113, -22.313089316249403, 20.828532943799814], [13.966621263104862, 30.0, -10.578642019597709], [30.0, 30.0, -8.891633206101773], [18.5400143294235, 30.0, -16.663458133335062], [-10.660943370155394, 30.0, -30.0], [-3.6181226653415592, 16.230233713417768, -8.369620786429987], [5.614773945851063, -8.773093500817723, 18.14822697626299], [-30.0, -14.411799788595847, -2.9753221963800804], [-30.0, 0.17087304463182917, 30.0], [30.0, 25.53469824105116, 30.0], [-16.58558196093856, -12.79628272753321, -30.0], [30.0, 22.530759545204276, 22.737585329658508], [10.680462269193775, 23.753397221075517, 12.083544471021717], [10.505677678187432, -3.694192151164927, -30.0], [30.0, -20.455482186836242, -18.573539719359687], [30.0, 27.004092740127952, 21.667287857768827], [23.39564090535211, 26.00490122356377, 25.153993548448796], [-30.0, 19.610786761782634, -23.077616564762668], [-30.0, 18.307829381354523, -24.458505290747638], [-30.0, 22.909180414852344, -23.57517432649161], [-30.0, 21.539602429083743, -22.423543765970056], [-30.0, 22.537086297982647, -25.52293588808233], [-30.0, 21.484796440574485, -19.738601787155716], [30.0, -30.0, -22.626965248908093], [-30.0, 28.367427020628305, -22.906709423837185], [-30.0, 21.780195657023775, -23.457708486379275], [-20.67206228699175, 21.492920907879764, -23.34622813021815], [-30.0, -30.0, 30.0], [30.0, 22.346430012338494, 18.76766981887377], [30.0, -24.26589383713652, -8.938322683429842], [-28.73770264865321, 23.471236139527505, -22.983713568033938], [30.0, 30.0, -17.729515008835534], [-30.0, -8.393885488312648, 5.440995803709029], [30.0, 3.0199163210320776, -19.6123739088237], [-30.0, 10.223901198536652, -30.0], [-30.0, -16.22020901814536, -13.271456406930536], [30.0, 18.05680734930842, -7.505697654786346], [-30.0, -16.797906788931122, -22.20386350321256], [30.0, -30.0, 12.24434436308782], [-30.0, -22.76886874109067, 30.0], [8.69801778835069, 20.070376285891072, 30.0], [-30.0, -30.0, 1.8206389602888464], [30.0, -30.0, -30.0], [-30.0, 25.595357549603087, -30.0], [-6.484382475142361, -24.124098808910343, 30.0], [-30.0, 18.13270447974685, 18.344629220707944], [-23.967912697659308, -0.9629778087151593, -4.875138934157135], [-14.654231622601714, -30.0, 30.0], [-13.201607013050765, -21.319636198991564, 5.91641651938933], [-4.95542564105542, 0.257281807476911, -3.0658146497492993], [30.0, 10.655177190862105, -4.643641383315405], [30.0, -30.0, -27.664862020834207], [30.0, 4.573262643666062, 19.00111713727189], [30.0, 13.639880306903862, -12.069221967961859], [30.0, 19.63054775035655, -30.0], [30.0, -0.8924959623163922, 6.1549586353525285], [-7.905255674070872, -17.57427363344071, -7.064850051345918], [-9.3726816223373, -10.52955962283485, -18.93209295981312], [-22.359544256437335, 22.601871644010018, -26.78144193630581], [-30.0, 11.52943382800214, -20.986461485623586], [-30.0, -20.004330200411708, -30.0]]
 output
 [ 88.03989603  80.93493887  91.723152    91.03133437 100.24054353
  88.75561153  85.11455773  91.19846497  82.91777492  99.0957011
  86.82183156  91.63730241  79.49815347  83.92029485  75.7817977
  83.68704376  79.51148171  76.00797458  75.97083362  75.44906496
  79.35341656  74.80021606  74.74164696  90.69617309  76.9435162
  74.91083045  95.73090759  82.86041545  81.87557038  86.39982936
  73.59873003  83.78682405  84.12599569  72.7722843   91.54224843
  84.66662427  75.87180875  79.60932148  89.18012873  99.1572694
 106.37134748  99.74551999  86.31523398  94.3427768   94.50042479
  79.55954993  79.93704156  80.03905171  77.53629324  93.80262888
  94.047437    99.40202932  89.57381334  79.83832532  87.30841881
  74.67861173  84.89163373  80.75876018  81.8319589   88.93087372
  91.96928573  74.78204079 105.26178656  81.26015029 102.79236139
  97.39639574  79.10721583  84.53354132  84.44086858  88.74572783
  78.79653411  91.7947015   77.72040847  82.45986422  75.78869682
  76.77112859 100.01371967  86.59603097  86.28052182  85.42436532
  85.1272854   85.92213296  78.64921755  82.36342015  96.32339417
  89.57058194  80.91534574  90.12523167  92.4099709   84.0118794
  83.97865097  74.89761214  74.71654559  83.25344822 103.39342482
 100.3955696   87.90307411  92.2493991   80.38748237  88.02571781
  79.86417292  99.40202932  89.02392905 101.0035621   77.93504193
  81.83350508  72.23940143  80.69712964  69.31027493  71.14593152
  78.58786837  93.70720937  79.26876061  94.00212167  75.09979948
  74.60937065  82.0329298   76.75051593  94.67900075  84.41909282
  77.00384882  99.35675534  98.85357742  90.68784154  84.95246614
  79.60123875  84.26486342  95.93445796  84.61726015  96.12756764
  96.54218804  74.40431135  75.11187701  77.58844222  89.53810659
  88.33958562  80.31089221  89.93370646  91.92385761  82.68445728
  75.98536536  87.12727918  82.92989936  89.99129508  87.28740246
  86.78864556  88.88010269  79.4432873   91.11119768  88.04673499]
最小値:69.31027493077198
入力値:[-30.0, 22.909180414852344, -23.57517432649161]
経過時間:263.922385931015sec
num_evaluation of BBF = 150.0
 input
[[29.831088656332128, 25.95344156031954, -22.312533124238595], [29.942430919448697, -15.834661382881434, -6.2051563622384265], [-6.7253555302795505, 10.18476220820881, 26.132344248361925], [3.295728343596494, -20.26466842670191, -16.52898397173956], [30.0, -27.799535164383656, -2.5692929116823606], [27.34127710703445, -15.716680496572335, -4.558101191996421], [28.754558486962452, -16.191887094513717, -11.19204165074198], [30.0, -14.056254878628213, 11.43826324937443], [30.0, -15.499528026130715, -11.419107853342709], [-17.669780074708008, 9.719126421567282, -6.729098935500037], [30.0, -16.394574973063055, 15.245390384235947], [30.0, -17.947718152591086, -30.0], [29.585087083906195, 27.305550132511733, -11.88029705834002], [30.0, -28.719607669862032, -12.464032207569527], [22.82040787625789, 30.0, -11.900610891609375], [16.16746544126699, 18.758164257022656, -11.93192839705138], [24.38882362468629, -30.0, -12.005288515073396], [23.647723550487285, 30.0, -12.136271429825516], [30.0, 24.78600935155051, -7.4394855331162155], [25.44218053320754, 30.0, -7.8363215864214695], [23.82822998728492, 30.0, -13.960620476878074], [22.254141618104867, 30.0, -9.19841844332165], [-30.0, 30.0, -30.0], [-23.455696111789237, -30.0, -30.0], [-30.0, 30.0, -27.298178674067238], [23.775860298596598, 30.0, -9.692141834341335], [30.0, -28.684339609222125, 30.0], [23.997198265135573, 24.23770033621556, -4.004124383793165], [16.800439157567205, 30.0, -4.739413677190452], [-30.0, 30.0, 16.680845925211862], [-14.179749294544191, 30.0, -30.0], [30.0, 30.0, -30.0], [-19.67098890400734, 18.69569931525467, -30.0], [-21.153030965916102, 30.0, -30.0], [30.0, -10.630924277429624, -9.315542799067671], [-20.19695258192686, 28.655480456404746, -30.0], [30.0, 25.340525555984378, -7.407938045028487], [21.322876900744838, 28.712366582084073, -8.80707892860789], [-30.0, 30.0, -17.163194748274602], [30.0, 30.0, 9.69155100887886], [-30.0, -30.0, 17.054252466661623], [-30.0, 30.0, 30.0], [-30.0, -30.0, -10.26994446779501], [-30.0, 5.802318816438316, 13.397681747122888], [30.0, -0.09744468309708765, 30.0], [-30.0, 30.0, -25.855710623722754], [30.0, 30.0, 23.48557238757634], [30.0, 13.546850308898954, 19.80395399225769], [30.0, 30.0, 19.31683827157545], [7.256947924300476, 30.0, 20.393246763257018], [1.4849905315367167, 30.0, -30.0], [10.680462269193775, 23.753397221075517, 12.083544471021717], [-30.0, -30.0, -19.962081385913983], [30.0, -30.0, -19.48118302422715], [-16.68205627478343, 30.0, -24.49439278896262], [30.0, 30.0, -9.300424518727016], [-1.2665154955427056, 18.291817693163637, -27.57357928553009], [2.2304145670156004, -21.56505717861242, 21.3406894214285], [-0.5931274852319142, -30.0, 30.0], [14.170562832202819, -30.0, 21.266734785560615], [3.9791246496908457, -30.0, -30.0], [30.0, 30.0, -9.151136050098632], [21.42352529424692, -7.221706159311982, -7.258078500776477], [30.0, 24.22155758450633, -12.361602685604726], [11.59618934881177, -30.0, -15.944911829104804], [30.0, 12.773141103723674, 9.84061672211574], [-0.7097400188711838, -14.567676826360845, 30.0], [-7.929311094193679, -19.51746847453699, 25.90606927083175], [30.0, 14.222818188900646, 27.58033599441591], [8.140110892179365, -12.12714515954724, 30.0], [-30.0, 20.703601516341962, -30.0], [-1.183960356151129, -30.0, 11.766803025223915], [7.5263186967339095, 30.0, -13.235806648863594], [2.9613414642693385, 30.0, -7.591068886994325], [13.71326045234457, 30.0, -17.169953875098095], [14.70022115099669, 30.0, -12.913951610750846], [6.247515957480751, 20.652631485991634, -18.19263595257599], [-16.6641963665531, -15.153226109137236, 30.0], [9.45042370413345, -16.59751041506185, 30.0], [9.52291614169966, 28.449489369352165, -16.891707321168944], [-30.0, 0.6011474862213966, -30.0], [-7.009170290656211, 0.8139147240809592, -30.0], [30.0, 30.0, -5.967117564108282], [21.21613431442703, 30.0, 30.0], [-30.0, 30.0, 3.7876251258939746], [-13.396570099381648, -30.0, -5.088576474049397], [24.457157913003385, 22.230769724199682, 22.429638892713086], [30.0, 8.909836474947035, -30.0], [-30.0, -2.1639868677147085, -19.057920237611015], [17.78617654602113, -22.313089316249403, 20.828532943799814], [13.966621263104862, 30.0, -10.578642019597709], [30.0, 30.0, -8.891633206101773], [18.5400143294235, 30.0, -16.663458133335062], [-10.660943370155394, 30.0, -30.0], [-3.6181226653415592, 16.230233713417768, -8.369620786429987], [5.614773945851063, -8.773093500817723, 18.14822697626299], [-30.0, -14.411799788595847, -2.9753221963800804], [-30.0, 0.17087304463182917, 30.0], [30.0, 25.53469824105116, 30.0], [-16.58558196093856, -12.79628272753321, -30.0], [30.0, 22.530759545204276, 22.737585329658508], [10.680462269193775, 23.753397221075517, 12.083544471021717], [10.505677678187432, -3.694192151164927, -30.0], [30.0, -20.455482186836242, -18.573539719359687], [30.0, 27.004092740127952, 21.667287857768827], [23.39564090535211, 26.00490122356377, 25.153993548448796], [-30.0, 19.610786761782634, -23.077616564762668], [-30.0, 18.307829381354523, -24.458505290747638], [-30.0, 22.909180414852344, -23.57517432649161], [-30.0, 21.539602429083743, -22.423543765970056], [-30.0, 22.537086297982647, -25.52293588808233], [-30.0, 21.484796440574485, -19.738601787155716], [30.0, -30.0, -22.626965248908093], [-30.0, 28.367427020628305, -22.906709423837185], [-30.0, 21.780195657023775, -23.457708486379275], [-20.67206228699175, 21.492920907879764, -23.34622813021815], [-30.0, -30.0, 30.0], [30.0, 22.346430012338494, 18.76766981887377], [30.0, -24.26589383713652, -8.938322683429842], [-28.73770264865321, 23.471236139527505, -22.983713568033938], [30.0, 30.0, -17.729515008835534], [-30.0, -8.393885488312648, 5.440995803709029], [30.0, 3.0199163210320776, -19.6123739088237], [-30.0, 10.223901198536652, -30.0], [-30.0, -16.22020901814536, -13.271456406930536], [30.0, 18.05680734930842, -7.505697654786346], [-30.0, -16.797906788931122, -22.20386350321256], [30.0, -30.0, 12.24434436308782], [-30.0, -22.76886874109067, 30.0], [8.69801778835069, 20.070376285891072, 30.0], [-30.0, -30.0, 1.8206389602888464], [30.0, -30.0, -30.0], [-30.0, 25.595357549603087, -30.0], [-6.484382475142361, -24.124098808910343, 30.0], [-30.0, 18.13270447974685, 18.344629220707944], [-23.967912697659308, -0.9629778087151593, -4.875138934157135], [-14.654231622601714, -30.0, 30.0], [-13.201607013050765, -21.319636198991564, 5.91641651938933], [-4.95542564105542, 0.257281807476911, -3.0658146497492993], [30.0, 10.655177190862105, -4.643641383315405], [30.0, -30.0, -27.664862020834207], [30.0, 4.573262643666062, 19.00111713727189], [30.0, 13.639880306903862, -12.069221967961859], [30.0, 19.63054775035655, -30.0], [30.0, -0.8924959623163922, 6.1549586353525285], [-7.905255674070872, -17.57427363344071, -7.064850051345918], [-9.3726816223373, -10.52955962283485, -18.93209295981312], [-22.359544256437335, 22.601871644010018, -26.78144193630581], [-30.0, 11.52943382800214, -20.986461485623586], [-30.0, -20.004330200411708, -30.0], [30.0, -27.127290414265545, -30.0], [-30.0, -7.273025624630826, -30.0], [-30.0, 13.86412397677757, 30.0], [-30.0, 25.815658872304, -30.0], [30.0, -16.329059959267774, 30.0], [7.3563750003669455, -23.01303228704809, 30.0], [30.0, -15.265453955753916, 24.08242112229695], [30.0, -10.929238459213217, 30.0], [30.0, -10.319255825307376, 24.124971450513577], [-30.0, -14.439326434818154, 20.82879043685844], [-30.0, -22.26612103926228, -8.85418979931421], [30.0, -19.50198233327736, 25.02035352255791], [30.0, -19.442901510700636, 24.86343324868126], [30.0, -19.36409867182831, 23.5484503214073], [30.0, -19.231778895380575, 26.483831009924387], [30.0, -18.39291817615222, 25.82879661630715], [30.0, -20.959120726762436, 25.062127634870336], [30.0, -20.197106420809625, 23.32341606442811], [30.0, -20.458329892751298, 26.575471433058155], [30.0, -20.43350398352831, 26.576187898485024], [30.0, -20.88791879354615, 25.85436852827911], [30.0, -19.960523804163564, 26.907836404407824], [30.0, -21.126560771061786, 25.372146240090146], [30.0, -19.521752869751733, 26.180079292487456], [24.832150529290445, -19.648469945107735, 25.51316335333835], [30.0, -20.236855054793757, 30.0], [30.0, -22.06546200247581, 22.83382092283385], [30.0, -21.962209316608625, 22.973437741314925], [30.0, -21.952248823491075, 23.26565156427663], [1.9463331079736363, 9.722251899899092, -30.0], [30.0, -21.143577624422026, 22.314560264907634], [-3.6993658401410485, -1.7656731293872276, 30.0], [30.0, -22.253552150979804, 24.378095005923804], [30.0, -22.186066924876044, 24.43553240617277], [2.5053534811468268, 6.204987129624286, 12.23397001512707], [30.0, -22.367197875933694, 24.21514967698058], [30.0, -23.514087815314948, 22.285155629688603], [30.0, -20.922236652224232, 24.37354958807014], [30.0, -6.837009510550303, -30.0], [-6.103189312630796, -28.327208566036106, 23.757117007604357], [30.0, -20.734333550125804, 24.16215756334973], [30.0, -21.689622352310543, 24.98374643150092], [-15.4721500475469, 30.0, -8.27566910984681], [30.0, -20.737999555417574, 24.18046397206126], [30.0, -21.715717604659584, 25.048399465809872], [-30.0, 16.33103972321117, 5.595887277116347], [30.0, -21.6898255233273, 25.03140024400559], [30.0, -21.638028693897343, 25.04596365833565], [4.794465631912054, -14.66593943937353, -30.0], [6.600613177952155, -19.69393429305179, 9.913864294540573]]
 output
 [ 88.03989603  80.93493887  91.723152    91.03133437 100.24054353
  88.75561153  85.11455773  91.19846497  82.91777492  99.0957011
  86.82183156  91.63730241  79.49815347  83.92029485  75.7817977
  83.68704376  79.51148171  76.00797458  75.97083362  75.44906496
  79.35341656  74.80021606  74.74164696  90.69617309  76.9435162
  74.91083045  95.73090759  82.86041545  81.87557038  86.39982936
  73.59873003  83.78682405  84.12599569  72.7722843   91.54224843
  84.66662427  75.87180875  79.60932148  89.18012873  99.1572694
 106.37134748  99.74551999  86.31523398  94.3427768   94.50042479
  79.55954993  79.93704156  80.03905171  77.53629324  93.80262888
  94.047437    99.40202932  89.57381334  79.83832532  87.30841881
  74.67861173  84.89163373  80.75876018  81.8319589   88.93087372
  91.96928573  74.78204079 105.26178656  81.26015029 102.79236139
  97.39639574  79.10721583  84.53354132  84.44086858  88.74572783
  78.79653411  91.7947015   77.72040847  82.45986422  75.78869682
  76.77112859 100.01371967  86.59603097  86.28052182  85.42436532
  85.1272854   85.92213296  78.64921755  82.36342015  96.32339417
  89.57058194  80.91534574  90.12523167  92.4099709   84.0118794
  83.97865097  74.89761214  74.71654559  83.25344822 103.39342482
 100.3955696   87.90307411  92.2493991   80.38748237  88.02571781
  79.86417292  99.40202932  89.02392905 101.0035621   77.93504193
  81.83350508  72.23940143  80.69712964  69.31027493  71.14593152
  78.58786837  93.70720937  79.26876061  94.00212167  75.09979948
  74.60937065  82.0329298   76.75051593  94.67900075  84.41909282
  77.00384882  99.35675534  98.85357742  90.68784154  84.95246614
  79.60123875  84.26486342  95.93445796  84.61726015  96.12756764
  96.54218804  74.40431135  75.11187701  77.58844222  89.53810659
  88.33958562  80.31089221  89.93370646  91.92385761  82.68445728
  75.98536536  87.12727918  82.92989936  89.99129508  87.28740246
  86.78864556  88.88010269  79.4432873   91.11119768  88.04673499
  95.46334203  81.62944638  91.437733    75.31677733  78.91100209
  87.25532975  77.56568517  77.49717965  90.8847585   90.44231298
  85.4381847   70.42939584  70.91277788  72.65702781  71.55567669
  72.80682886  70.31719072  72.6929804   70.26219468  70.34071004
  70.59421571  70.24574535  70.79365818  70.05016315  90.23735297
  80.22888347  71.33059659  71.01238852  70.78844418  88.74775285
  72.36225975  84.56423526  70.35334356  70.28767554 104.77036317
  70.67272668  75.30083721  70.49393975  94.11371753  87.2828865
  70.60269156  69.94449517  94.37000518  70.5784752   69.99271557
  97.55068964  69.97792275  69.96267144  98.80684869  81.99642555]
最小値:69.31027493077198
入力値:[-30.0, 22.909180414852344, -23.57517432649161]
経過時間:295.4754810333252sec
num_evaluation of BBF = 200.0