
BO_ratio_matrix = 
[[99.62280493 99.62280493]
 [99.62280493 99.62280493]
 [99.62280493 99.62280493]
 [99.62280493 99.62280493]
 [99.62280493 99.62280493]
 [99.62280493 99.62280493]]
RS_ratio_matrix = 
[[99.62280493 99.62280493]
 [99.62280493 99.62280493]
 [99.62280493 99.62280493]
 [99.62280493 99.62280493]
 [99.62280493 99.62280493]
 [99.62280493 99.62280493]]
Mean Accumulated PREC(%) 2 times; BBF=[ 10.  30.  50. 100. 150. 200.]
BO_vec=array([99.62280493, 99.62280493, 99.62280493, 99.62280493, 99.62280493,
       99.62280493])
RS_vec=array([99.62280493, 99.62280493, 99.62280493, 99.62280493, 99.62280493,
       99.62280493])
Median Accumulated PREC(%) 2 times; BBF=[ 10.  30.  50. 100. 150. 200.]
BO_vec=array([99.62280493, 99.62280493, 99.62280493, 99.62280493, 99.62280493,
       99.62280493])
RS_vec=array([99.62280493, 99.62280493, 99.62280493, 99.62280493, 99.62280493,
       99.62280493])
Min Accumulated PREC(%) 2 times; BBF=[ 10.  30.  50. 100. 150. 200.]
BO_vec=array([99.62280493, 99.62280493, 99.62280493, 99.62280493, 99.62280493,
       99.62280493])
RS_vec=array([99.62280493, 99.62280493, 99.62280493, 99.62280493, 99.62280493,
       99.62280493])
Max Accumulated PREC(%) 2 times; BBF=[ 10.  30.  50. 100. 150. 200.]
BO_vec=array([99.62280493, 99.62280493, 99.62280493, 99.62280493, 99.62280493,
       99.62280493])
RS_vec=array([99.62280493, 99.62280493, 99.62280493, 99.62280493, 99.62280493,
       99.62280493])