
 input
[[5.570677093501104, 20.655944914861053, 21.47673705736542], [20.83510432704754, 7.4138218071583495, -6.937097562438005], [-12.14792360733166, -26.59722136095341, -13.640622325193206], [-30.0, -30.0, -13.1808941159398], [-29.058566200681568, 16.16304620691976, -17.793908165162698], [-30.0, 30.0, -19.490623602997935], [-25.41915171466041, 3.1651053387369217, -17.404320821875707], [-11.050496693219117, 0.2970874151961489, -18.102668550181743], [19.86302934437188, 15.08324060784944, -18.869506395095524], [-8.68640724236009, 19.679534321817712, -14.800894769384595]]
 output
 [ 96.97168401 104.15730786  86.34520436  86.48097786  69.64205087
  99.71602151  87.07956472  81.0067396  100.84332082  95.49242615]
最小値:69.64205087244983
入力値:[-29.058566200681568, 16.16304620691976, -17.793908165162698]
経過時間:41.53430938720703sec
num_evaluation of BBF = 10.0
 input
[[5.570677093501104, 20.655944914861053, 21.47673705736542], [20.83510432704754, 7.4138218071583495, -6.937097562438005], [-12.14792360733166, -26.59722136095341, -13.640622325193206], [-30.0, -30.0, -13.1808941159398], [-29.058566200681568, 16.16304620691976, -17.793908165162698], [-30.0, 30.0, -19.490623602997935], [-25.41915171466041, 3.1651053387369217, -17.404320821875707], [-11.050496693219117, 0.2970874151961489, -18.102668550181743], [19.86302934437188, 15.08324060784944, -18.869506395095524], [-8.68640724236009, 19.679534321817712, -14.800894769384595], [22.1237146936542, 5.948610947298505, -12.057864164076559], [-30.0, 13.90928664373758, 24.228165361757263], [-2.2473993787673656, -29.422820234034077, -17.820073285712205], [-15.49597062347082, -22.47843356180168, 29.953885272487774], [-19.63768211308168, -23.614128673211383, 28.95854927273418], [-29.99378825347675, -27.365647173854082, -10.511285961700612], [29.994669940632164, 4.098839109248054, -21.654921238232674], [-18.09254062084885, 28.21851614236747, -25.769020883310887], [-29.998459392413718, 15.165083450275567, -12.63601718771887], [-3.3004646773944373, 29.39413350540839, 29.67186687545864], [-16.54670471191235, -29.251810648391125, 29.39742080854969], [-0.6143184237243737, -23.908124560385883, -27.99868358715854], [-17.258264945604104, 24.45656365609119, -23.281103364191644], [-29.993633021798054, -22.48128470526735, -5.201094734895069], [-15.878421261364725, 27.706742039434097, -27.953171764297192], [-17.893736417021234, 29.446482544915945, -28.891805652805978], [-19.245192205695023, 29.551531944630675, 28.25139771322094], [-20.11461128724056, -29.561012246818873, 29.33925519890071], [-10.78394483025134, -26.583754835087724, 26.798608879521602], [-10.849092339136323, 29.49286872851809, -27.649822647575345]]
 output
 [ 96.97168401 104.15730786  86.34520436  86.48097786  69.64205087
  99.71602151  87.07956472  81.0067396  100.84332082  95.49242615
 102.81930824  94.60753842  92.97328293  84.8805331   84.54087802
  86.20187742  99.97976052  87.02312601  88.36681866  81.84017659
  82.33485095  89.16147018  81.36196459  90.62603297  72.28528568
  72.81731973  78.49806711  83.76529329  82.01042084  88.82909326]
最小値:69.64205087244983
入力値:[-29.058566200681568, 16.16304620691976, -17.793908165162698]
経過時間:87.76584434509277sec
num_evaluation of BBF = 30.0
 input
[[5.570677093501104, 20.655944914861053, 21.47673705736542], [20.83510432704754, 7.4138218071583495, -6.937097562438005], [-12.14792360733166, -26.59722136095341, -13.640622325193206], [-30.0, -30.0, -13.1808941159398], [-29.058566200681568, 16.16304620691976, -17.793908165162698], [-30.0, 30.0, -19.490623602997935], [-25.41915171466041, 3.1651053387369217, -17.404320821875707], [-11.050496693219117, 0.2970874151961489, -18.102668550181743], [19.86302934437188, 15.08324060784944, -18.869506395095524], [-8.68640724236009, 19.679534321817712, -14.800894769384595], [22.1237146936542, 5.948610947298505, -12.057864164076559], [-30.0, 13.90928664373758, 24.228165361757263], [-2.2473993787673656, -29.422820234034077, -17.820073285712205], [-15.49597062347082, -22.47843356180168, 29.953885272487774], [-19.63768211308168, -23.614128673211383, 28.95854927273418], [-29.99378825347675, -27.365647173854082, -10.511285961700612], [29.994669940632164, 4.098839109248054, -21.654921238232674], [-18.09254062084885, 28.21851614236747, -25.769020883310887], [-29.998459392413718, 15.165083450275567, -12.63601718771887], [-3.3004646773944373, 29.39413350540839, 29.67186687545864], [-16.54670471191235, -29.251810648391125, 29.39742080854969], [-0.6143184237243737, -23.908124560385883, -27.99868358715854], [-17.258264945604104, 24.45656365609119, -23.281103364191644], [-29.993633021798054, -22.48128470526735, -5.201094734895069], [-15.878421261364725, 27.706742039434097, -27.953171764297192], [-17.893736417021234, 29.446482544915945, -28.891805652805978], [-19.245192205695023, 29.551531944630675, 28.25139771322094], [-20.11461128724056, -29.561012246818873, 29.33925519890071], [-10.78394483025134, -26.583754835087724, 26.798608879521602], [-10.849092339136323, 29.49286872851809, -27.649822647575345], [-20.671606743287533, 23.914128919011787, -29.895737248078472], [29.999962129467754, -26.62281161644985, 28.01395902542812], [-21.505975374329978, -25.670808381975966, -29.89287546491396], [7.716034170259491, -28.35842435413086, 26.278818550665747], [30.0, 28.102121202755818, 30.0], [-30.0, -23.26211683179392, -30.0], [16.93123260703468, -28.91012728981764, 30.0], [-30.0, 14.085376683123421, -25.147828318732966], [-14.033234723145004, -16.415835122322616, 9.895032776813515], [30.0, -26.74305746850572, 15.645457184280865], [30.0, 27.958148244529042, 30.0], [10.623987961621111, 7.5036214748039285, 30.0], [-1.029009808471276, -30.0, 18.878526632276753], [-30.0, -4.998139250851846, -30.0], [30.0, -30.0, 0.19078758507536264], [29.877090740721584, 29.32215177428118, 29.863994883889312], [-29.906312182717613, -16.677678630126863, 29.851060450206013], [-29.98028571848813, 12.925110018313646, 10.787260913016631], [29.987817584968212, -18.807663827465202, 29.524175779919652], [29.804203997153365, 8.134963725653108, 21.843939919463693]]
 output
 [ 96.97168401 104.15730786  86.34520436  86.48097786  69.64205087
  99.71602151  87.07956472  81.0067396  100.84332082  95.49242615
 102.81930824  94.60753842  92.97328293  84.8805331   84.54087802
  86.20187742  99.97976052  87.02312601  88.36681866  81.84017659
  82.33485095  89.16147018  81.36196459  90.62603297  72.28528568
  72.81731973  78.49806711  83.76529329  82.01042084  88.82909326
  80.56315731  88.26558106  89.2636098   78.92253037  79.40822236
  88.21828591  82.11584655  87.31089519  96.37699096  82.26694462
  79.46047011  92.55711221  80.81319005  82.10044442 104.88800024
  78.53790781  85.4057417   92.94739287  72.10195498  85.17943426]
最小値:69.64205087244983
入力値:[-29.058566200681568, 16.16304620691976, -17.793908165162698]
経過時間:89.19441509246826sec
num_evaluation of BBF = 50.0
 input
[[5.570677093501104, 20.655944914861053, 21.47673705736542], [20.83510432704754, 7.4138218071583495, -6.937097562438005], [-12.14792360733166, -26.59722136095341, -13.640622325193206], [-30.0, -30.0, -13.1808941159398], [-29.058566200681568, 16.16304620691976, -17.793908165162698], [-30.0, 30.0, -19.490623602997935], [-25.41915171466041, 3.1651053387369217, -17.404320821875707], [-11.050496693219117, 0.2970874151961489, -18.102668550181743], [19.86302934437188, 15.08324060784944, -18.869506395095524], [-8.68640724236009, 19.679534321817712, -14.800894769384595], [22.1237146936542, 5.948610947298505, -12.057864164076559], [-30.0, 13.90928664373758, 24.228165361757263], [-2.2473993787673656, -29.422820234034077, -17.820073285712205], [-15.49597062347082, -22.47843356180168, 29.953885272487774], [-19.63768211308168, -23.614128673211383, 28.95854927273418], [-29.99378825347675, -27.365647173854082, -10.511285961700612], [29.994669940632164, 4.098839109248054, -21.654921238232674], [-18.09254062084885, 28.21851614236747, -25.769020883310887], [-29.998459392413718, 15.165083450275567, -12.63601718771887], [-3.3004646773944373, 29.39413350540839, 29.67186687545864], [-16.54670471191235, -29.251810648391125, 29.39742080854969], [-0.6143184237243737, -23.908124560385883, -27.99868358715854], [-17.258264945604104, 24.45656365609119, -23.281103364191644], [-29.993633021798054, -22.48128470526735, -5.201094734895069], [-15.878421261364725, 27.706742039434097, -27.953171764297192], [-17.893736417021234, 29.446482544915945, -28.891805652805978], [-19.245192205695023, 29.551531944630675, 28.25139771322094], [-20.11461128724056, -29.561012246818873, 29.33925519890071], [-10.78394483025134, -26.583754835087724, 26.798608879521602], [-10.849092339136323, 29.49286872851809, -27.649822647575345], [-20.671606743287533, 23.914128919011787, -29.895737248078472], [29.999962129467754, -26.62281161644985, 28.01395902542812], [-21.505975374329978, -25.670808381975966, -29.89287546491396], [7.716034170259491, -28.35842435413086, 26.278818550665747], [30.0, 28.102121202755818, 30.0], [-30.0, -23.26211683179392, -30.0], [16.93123260703468, -28.91012728981764, 30.0], [-30.0, 14.085376683123421, -25.147828318732966], [-14.033234723145004, -16.415835122322616, 9.895032776813515], [30.0, -26.74305746850572, 15.645457184280865], [30.0, 27.958148244529042, 30.0], [10.623987961621111, 7.5036214748039285, 30.0], [-1.029009808471276, -30.0, 18.878526632276753], [-30.0, -4.998139250851846, -30.0], [30.0, -30.0, 0.19078758507536264], [29.877090740721584, 29.32215177428118, 29.863994883889312], [-29.906312182717613, -16.677678630126863, 29.851060450206013], [-29.98028571848813, 12.925110018313646, 10.787260913016631], [29.987817584968212, -18.807663827465202, 29.524175779919652], [29.804203997153365, 8.134963725653108, 21.843939919463693], [29.94755985628519, 11.859852010597777, 29.812715387995468], [6.499896655582688, 18.536558415862963, -29.973148469720925], [29.819921572267923, -22.88229957979089, -29.83935204028139], [29.954532601090982, -3.3315912889306247, 18.564911741968118], [-29.95628799459309, -23.2419026239828, 29.874207143162558], [-28.896176382536826, -23.261964977854298, -29.928709791345874], [29.749270112619172, 29.59632324066491, -29.704415269237895], [-30.0, 11.011521227907494, -30.0], [29.462267807359446, -19.601257325238734, 29.98564713004636], [29.618390497531543, -21.743336570522214, 29.708869845607175], [28.692166749242617, -24.03738668665274, 29.653189360387373], [-29.996943493049702, -2.0552594630256316, 2.007319189836444], [5.894133702255267, 23.587949696029185, 29.97925866956352], [-5.456838238872198, 18.737216884687435, -29.845252839868287], [-4.244292324756799, 29.824521706745017, 2.2663575323283496], [8.184720773112929, -29.28556557707424, -29.84284817513092], [-5.124149407845373, -28.605553396834964, 29.695960356615025], [-16.201350879154223, 28.317379127980992, 29.552299107637246], [-9.176184027979254, 26.779820966672744, 29.72404969347609], [-7.460792797191573, 22.751300456648323, 29.865240377531862], [-11.035166907843745, -2.098537270275184, 19.485260547081715], [-11.663689010968245, -26.394157477083205, -29.982829857143336], [-2.86090217023974, -30.0, 30.0], [-1.4015535635102445, -30.0, 30.0], [-22.389440821274135, 26.492814286519618, 29.67480022754885], [-7.784415593244805, -28.37793325465029, 29.995764279495155], [0.7466018119744255, -29.338504970311092, 29.624041669866628], [6.213342145555885, -29.389652100918656, 11.31277709353612], [30.0, -19.868211177869334, 28.176923118254606], [-29.35571299854627, 16.766739364763588, -18.878071698899276], [-17.285061340627536, 27.563993484993425, -29.637980771398833], [-29.774962734357228, 15.13793239378603, -18.458060629336927], [-26.922186602901448, 15.741025522528282, -18.390769674561554], [30.0, -18.178409034655168, 26.45872323848546], [24.266643030637773, -18.003159140346924, 27.903988509964798], [-15.959719400852816, 30.0, -28.99904735810656], [-28.997118982015927, 15.422814335002478, -18.414117767006143], [-30.0, 16.532223528235683, -17.785166680676117], [-28.507807692173053, 12.867825701265566, -19.002054316906737], [-12.13450859873856, 30.0, 22.668327957122962], [-26.89118619964992, 18.59061181230819, -20.62093957303237], [-14.054392015643124, 22.87568616247586, 21.77343345538992], [-18.010261108657062, 29.64700452599424, 17.49425825354095], [30.0, 30.0, 18.024070107201524], [23.739146430342686, 30.0, 22.488607972049316], [30.0, 22.143126520882724, 17.88520143097015], [30.0, 25.825607341964783, 8.138118805363192], [30.0, 24.3747307302067, 23.265066362761885], [30.0, -15.678957205201666, 30.0], [-3.0205111119833568, -19.850120864789794, 30.0]]
 output
 [ 96.97168401 104.15730786  86.34520436  86.48097786  69.64205087
  99.71602151  87.07956472  81.0067396  100.84332082  95.49242615
 102.81930824  94.60753842  92.97328293  84.8805331   84.54087802
  86.20187742  99.97976052  87.02312601  88.36681866  81.84017659
  82.33485095  89.16147018  81.36196459  90.62603297  72.28528568
  72.81731973  78.49806711  83.76529329  82.01042084  88.82909326
  80.56315731  88.26558106  89.2636098   78.92253037  79.40822236
  88.21828591  82.11584655  87.31089519  96.37699096  82.26694462
  79.46047011  92.55711221  80.81319005  82.10044442 104.88800024
  78.53790781  85.4057417   92.94739287  72.10195498  85.17943426
  86.09837383  87.20031609  86.32950365 101.78238926  85.19019589
  87.85810825  84.55299963  90.05121765  74.18732681  74.94529064
  91.74555968  87.09094753  98.2516345   85.06072022  93.78469987
  95.08067409  77.37487444  79.09590606  77.35105766  81.6839374
  86.0192109   93.61134714  77.50287635  81.09554432  84.84629239
  74.90261454  83.19733759  82.66934618  70.56723623  70.54729131
  77.07525931  70.04368172  76.11820546  72.91366619  91.84557014
  71.97457116  71.60135438  83.05492579  80.94143306  77.85596375
  76.90529972  77.12001223  80.74282566  77.68738641  79.85014758
  76.46898058  99.91418547  78.78100472  79.78884139  79.05001122]
最小値:69.64205087244983
入力値:[-29.058566200681568, 16.16304620691976, -17.793908165162698]
経過時間:276.1672625541687sec
num_evaluation of BBF = 100.0
 input
[[5.570677093501104, 20.655944914861053, 21.47673705736542], [20.83510432704754, 7.4138218071583495, -6.937097562438005], [-12.14792360733166, -26.59722136095341, -13.640622325193206], [-30.0, -30.0, -13.1808941159398], [-29.058566200681568, 16.16304620691976, -17.793908165162698], [-30.0, 30.0, -19.490623602997935], [-25.41915171466041, 3.1651053387369217, -17.404320821875707], [-11.050496693219117, 0.2970874151961489, -18.102668550181743], [19.86302934437188, 15.08324060784944, -18.869506395095524], [-8.68640724236009, 19.679534321817712, -14.800894769384595], [22.1237146936542, 5.948610947298505, -12.057864164076559], [-30.0, 13.90928664373758, 24.228165361757263], [-2.2473993787673656, -29.422820234034077, -17.820073285712205], [-15.49597062347082, -22.47843356180168, 29.953885272487774], [-19.63768211308168, -23.614128673211383, 28.95854927273418], [-29.99378825347675, -27.365647173854082, -10.511285961700612], [29.994669940632164, 4.098839109248054, -21.654921238232674], [-18.09254062084885, 28.21851614236747, -25.769020883310887], [-29.998459392413718, 15.165083450275567, -12.63601718771887], [-3.3004646773944373, 29.39413350540839, 29.67186687545864], [-16.54670471191235, -29.251810648391125, 29.39742080854969], [-0.6143184237243737, -23.908124560385883, -27.99868358715854], [-17.258264945604104, 24.45656365609119, -23.281103364191644], [-29.993633021798054, -22.48128470526735, -5.201094734895069], [-15.878421261364725, 27.706742039434097, -27.953171764297192], [-17.893736417021234, 29.446482544915945, -28.891805652805978], [-19.245192205695023, 29.551531944630675, 28.25139771322094], [-20.11461128724056, -29.561012246818873, 29.33925519890071], [-10.78394483025134, -26.583754835087724, 26.798608879521602], [-10.849092339136323, 29.49286872851809, -27.649822647575345], [-20.671606743287533, 23.914128919011787, -29.895737248078472], [29.999962129467754, -26.62281161644985, 28.01395902542812], [-21.505975374329978, -25.670808381975966, -29.89287546491396], [7.716034170259491, -28.35842435413086, 26.278818550665747], [30.0, 28.102121202755818, 30.0], [-30.0, -23.26211683179392, -30.0], [16.93123260703468, -28.91012728981764, 30.0], [-30.0, 14.085376683123421, -25.147828318732966], [-14.033234723145004, -16.415835122322616, 9.895032776813515], [30.0, -26.74305746850572, 15.645457184280865], [30.0, 27.958148244529042, 30.0], [10.623987961621111, 7.5036214748039285, 30.0], [-1.029009808471276, -30.0, 18.878526632276753], [-30.0, -4.998139250851846, -30.0], [30.0, -30.0, 0.19078758507536264], [29.877090740721584, 29.32215177428118, 29.863994883889312], [-29.906312182717613, -16.677678630126863, 29.851060450206013], [-29.98028571848813, 12.925110018313646, 10.787260913016631], [29.987817584968212, -18.807663827465202, 29.524175779919652], [29.804203997153365, 8.134963725653108, 21.843939919463693], [29.94755985628519, 11.859852010597777, 29.812715387995468], [6.499896655582688, 18.536558415862963, -29.973148469720925], [29.819921572267923, -22.88229957979089, -29.83935204028139], [29.954532601090982, -3.3315912889306247, 18.564911741968118], [-29.95628799459309, -23.2419026239828, 29.874207143162558], [-28.896176382536826, -23.261964977854298, -29.928709791345874], [29.749270112619172, 29.59632324066491, -29.704415269237895], [-30.0, 11.011521227907494, -30.0], [29.462267807359446, -19.601257325238734, 29.98564713004636], [29.618390497531543, -21.743336570522214, 29.708869845607175], [28.692166749242617, -24.03738668665274, 29.653189360387373], [-29.996943493049702, -2.0552594630256316, 2.007319189836444], [5.894133702255267, 23.587949696029185, 29.97925866956352], [-5.456838238872198, 18.737216884687435, -29.845252839868287], [-4.244292324756799, 29.824521706745017, 2.2663575323283496], [8.184720773112929, -29.28556557707424, -29.84284817513092], [-5.124149407845373, -28.605553396834964, 29.695960356615025], [-16.201350879154223, 28.317379127980992, 29.552299107637246], [-9.176184027979254, 26.779820966672744, 29.72404969347609], [-7.460792797191573, 22.751300456648323, 29.865240377531862], [-11.035166907843745, -2.098537270275184, 19.485260547081715], [-11.663689010968245, -26.394157477083205, -29.982829857143336], [-2.86090217023974, -30.0, 30.0], [-1.4015535635102445, -30.0, 30.0], [-22.389440821274135, 26.492814286519618, 29.67480022754885], [-7.784415593244805, -28.37793325465029, 29.995764279495155], [0.7466018119744255, -29.338504970311092, 29.624041669866628], [6.213342145555885, -29.389652100918656, 11.31277709353612], [30.0, -19.868211177869334, 28.176923118254606], [-29.35571299854627, 16.766739364763588, -18.878071698899276], [-17.285061340627536, 27.563993484993425, -29.637980771398833], [-29.774962734357228, 15.13793239378603, -18.458060629336927], [-26.922186602901448, 15.741025522528282, -18.390769674561554], [30.0, -18.178409034655168, 26.45872323848546], [24.266643030637773, -18.003159140346924, 27.903988509964798], [-15.959719400852816, 30.0, -28.99904735810656], [-28.997118982015927, 15.422814335002478, -18.414117767006143], [-30.0, 16.532223528235683, -17.785166680676117], [-28.507807692173053, 12.867825701265566, -19.002054316906737], [-12.13450859873856, 30.0, 22.668327957122962], [-26.89118619964992, 18.59061181230819, -20.62093957303237], [-14.054392015643124, 22.87568616247586, 21.77343345538992], [-18.010261108657062, 29.64700452599424, 17.49425825354095], [30.0, 30.0, 18.024070107201524], [23.739146430342686, 30.0, 22.488607972049316], [30.0, 22.143126520882724, 17.88520143097015], [30.0, 25.825607341964783, 8.138118805363192], [30.0, 24.3747307302067, 23.265066362761885], [30.0, -15.678957205201666, 30.0], [-3.0205111119833568, -19.850120864789794, 30.0], [4.679901213175619, -19.48729115741902, 21.883547951401184], [30.0, -19.520796291105643, 22.305262836425705], [24.291091824794997, 19.8495076423104, 21.477684170549722], [-5.875016120199174, -1.4899201168974514, -30.0], [-11.684071889415282, 15.3206325726254, 17.288692619727804], [-3.1908635142809203, -5.785060807402971, -11.65830955008484], [-13.673949542024843, -9.336674611303462, -16.494121194165864], [-7.981162683097384, 1.1844644923042686, -4.900043601249216], [4.62841064142652, -8.521330477595662, -20.11431544313778], [14.005952938243254, -30.0, 19.26028946229834], [-15.860133013897448, 17.385456548356174, -30.0], [-2.9880178315175563, -30.0, 5.0103127340004505], [4.636318677126958, -12.707667903617054, -3.5639180661728673], [-7.353426888076726, -11.421663750772638, 30.0], [-2.475050843706885, -7.043234936886307, 30.0], [-14.125897713670193, -9.200307300933972, 30.0], [-8.815954549705499, -16.353967069713697, 30.0], [-30.0, -30.0, 15.064992549656957], [-18.17881621924738, -7.590946899413847, -30.0], [-30.0, 30.0, 10.947398653709712], [7.00715384521741, -25.685860997283626, -2.063343246827536], [-30.0, -3.2357134527405194, 30.0], [14.688415332655204, 30.0, -30.0], [-30.0, -10.761501071453782, -17.799901344086827], [15.66214865100902, -17.00656362897965, -11.561542508202724], [16.802848180460323, -14.380038457511933, -2.4630396375424866], [18.317036246539885, -18.110545371133544, -19.142892695740155], [6.329501692054343, -18.390746895359406, -11.737393220437571], [-7.601442343015293, -14.057018577164683, 24.618090945363328], [-14.00318538346022, 25.174474224265545, 25.88381989283853], [-1.0134115631703757, 2.8512757853139448, -18.923757996484227], [6.971611993569823, 1.2711524235142697, -30.0], [-10.402367199454872, 2.0931097954173055, 30.0], [-13.948389626974912, 10.560206884109284, 30.0], [-17.304832540302574, 2.8155085160095012, 30.0], [-6.618441917722308, 8.238442520647972, 30.0], [-14.976464206634098, 18.77343981812472, 30.0], [21.549352327785947, 30.0, 30.0], [-6.6091436071304415, -17.26440437936634, -3.780904182834952], [2.654883608212657, -1.998955650874855, 6.356340256842508], [30.0, -30.0, -18.87938820983993], [24.605547866837867, -30.0, -15.574838193238605], [30.0, -30.0, -22.906284974337755], [30.0, -22.52212380376554, -16.124836246056084], [30.0, 30.0, -15.197417605682388], [14.839361331082458, -30.0, -11.544550763343143], [12.973147153102815, 30.0, -10.356219659757254], [14.718192090844724, -7.77503464852682, -30.0], [3.577585541621069, -9.705662600819053, -30.0], [-21.722767952025684, 15.28677177896045, -18.73498406186266]]
 output
 [ 96.97168401 104.15730786  86.34520436  86.48097786  69.64205087
  99.71602151  87.07956472  81.0067396  100.84332082  95.49242615
 102.81930824  94.60753842  92.97328293  84.8805331   84.54087802
  86.20187742  99.97976052  87.02312601  88.36681866  81.84017659
  82.33485095  89.16147018  81.36196459  90.62603297  72.28528568
  72.81731973  78.49806711  83.76529329  82.01042084  88.82909326
  80.56315731  88.26558106  89.2636098   78.92253037  79.40822236
  88.21828591  82.11584655  87.31089519  96.37699096  82.26694462
  79.46047011  92.55711221  80.81319005  82.10044442 104.88800024
  78.53790781  85.4057417   92.94739287  72.10195498  85.17943426
  86.09837383  87.20031609  86.32950365 101.78238926  85.19019589
  87.85810825  84.55299963  90.05121765  74.18732681  74.94529064
  91.74555968  87.09094753  98.2516345   85.06072022  93.78469987
  95.08067409  77.37487444  79.09590606  77.35105766  81.6839374
  86.0192109   93.61134714  77.50287635  81.09554432  84.84629239
  74.90261454  83.19733759  82.66934618  70.56723623  70.54729131
  77.07525931  70.04368172  76.11820546  72.91366619  91.84557014
  71.97457116  71.60135438  83.05492579  80.94143306  77.85596375
  76.90529972  77.12001223  80.74282566  77.68738641  79.85014758
  76.46898058  99.91418547  78.78100472  79.78884139  79.05001122
  93.5709544   75.24189412  81.23109746  85.01120525  95.79121977
  81.05017823  84.45387903  88.22927347  86.00434853  92.0966136
  86.10173792  82.98799386  83.3081514   75.87289159  82.01266853
  81.67340598  75.87920549 107.97928632  88.73635779  89.51888403
  82.59913373  87.83254087  85.75463346  86.46019552  78.38668344
  98.65385615  90.32596665  92.87821964  86.0591826   76.48859387
  81.30829912  82.05932482  76.8842879   77.34364011  83.98938208
  81.92684401  76.74425894  82.059218    86.28807227 103.1460842
  73.47855025  79.92889776  79.96386817  95.66378151  83.44775665
  90.10714334  82.91505293  81.70172857  90.78601944  79.97794382]
最小値:69.64205087244983
入力値:[-29.058566200681568, 16.16304620691976, -17.793908165162698]
経過時間:278.45322823524475sec
num_evaluation of BBF = 150.0
 input
[[5.570677093501104, 20.655944914861053, 21.47673705736542], [20.83510432704754, 7.4138218071583495, -6.937097562438005], [-12.14792360733166, -26.59722136095341, -13.640622325193206], [-30.0, -30.0, -13.1808941159398], [-29.058566200681568, 16.16304620691976, -17.793908165162698], [-30.0, 30.0, -19.490623602997935], [-25.41915171466041, 3.1651053387369217, -17.404320821875707], [-11.050496693219117, 0.2970874151961489, -18.102668550181743], [19.86302934437188, 15.08324060784944, -18.869506395095524], [-8.68640724236009, 19.679534321817712, -14.800894769384595], [22.1237146936542, 5.948610947298505, -12.057864164076559], [-30.0, 13.90928664373758, 24.228165361757263], [-2.2473993787673656, -29.422820234034077, -17.820073285712205], [-15.49597062347082, -22.47843356180168, 29.953885272487774], [-19.63768211308168, -23.614128673211383, 28.95854927273418], [-29.99378825347675, -27.365647173854082, -10.511285961700612], [29.994669940632164, 4.098839109248054, -21.654921238232674], [-18.09254062084885, 28.21851614236747, -25.769020883310887], [-29.998459392413718, 15.165083450275567, -12.63601718771887], [-3.3004646773944373, 29.39413350540839, 29.67186687545864], [-16.54670471191235, -29.251810648391125, 29.39742080854969], [-0.6143184237243737, -23.908124560385883, -27.99868358715854], [-17.258264945604104, 24.45656365609119, -23.281103364191644], [-29.993633021798054, -22.48128470526735, -5.201094734895069], [-15.878421261364725, 27.706742039434097, -27.953171764297192], [-17.893736417021234, 29.446482544915945, -28.891805652805978], [-19.245192205695023, 29.551531944630675, 28.25139771322094], [-20.11461128724056, -29.561012246818873, 29.33925519890071], [-10.78394483025134, -26.583754835087724, 26.798608879521602], [-10.849092339136323, 29.49286872851809, -27.649822647575345], [-20.671606743287533, 23.914128919011787, -29.895737248078472], [29.999962129467754, -26.62281161644985, 28.01395902542812], [-21.505975374329978, -25.670808381975966, -29.89287546491396], [7.716034170259491, -28.35842435413086, 26.278818550665747], [30.0, 28.102121202755818, 30.0], [-30.0, -23.26211683179392, -30.0], [16.93123260703468, -28.91012728981764, 30.0], [-30.0, 14.085376683123421, -25.147828318732966], [-14.033234723145004, -16.415835122322616, 9.895032776813515], [30.0, -26.74305746850572, 15.645457184280865], [30.0, 27.958148244529042, 30.0], [10.623987961621111, 7.5036214748039285, 30.0], [-1.029009808471276, -30.0, 18.878526632276753], [-30.0, -4.998139250851846, -30.0], [30.0, -30.0, 0.19078758507536264], [29.877090740721584, 29.32215177428118, 29.863994883889312], [-29.906312182717613, -16.677678630126863, 29.851060450206013], [-29.98028571848813, 12.925110018313646, 10.787260913016631], [29.987817584968212, -18.807663827465202, 29.524175779919652], [29.804203997153365, 8.134963725653108, 21.843939919463693], [29.94755985628519, 11.859852010597777, 29.812715387995468], [6.499896655582688, 18.536558415862963, -29.973148469720925], [29.819921572267923, -22.88229957979089, -29.83935204028139], [29.954532601090982, -3.3315912889306247, 18.564911741968118], [-29.95628799459309, -23.2419026239828, 29.874207143162558], [-28.896176382536826, -23.261964977854298, -29.928709791345874], [29.749270112619172, 29.59632324066491, -29.704415269237895], [-30.0, 11.011521227907494, -30.0], [29.462267807359446, -19.601257325238734, 29.98564713004636], [29.618390497531543, -21.743336570522214, 29.708869845607175], [28.692166749242617, -24.03738668665274, 29.653189360387373], [-29.996943493049702, -2.0552594630256316, 2.007319189836444], [5.894133702255267, 23.587949696029185, 29.97925866956352], [-5.456838238872198, 18.737216884687435, -29.845252839868287], [-4.244292324756799, 29.824521706745017, 2.2663575323283496], [8.184720773112929, -29.28556557707424, -29.84284817513092], [-5.124149407845373, -28.605553396834964, 29.695960356615025], [-16.201350879154223, 28.317379127980992, 29.552299107637246], [-9.176184027979254, 26.779820966672744, 29.72404969347609], [-7.460792797191573, 22.751300456648323, 29.865240377531862], [-11.035166907843745, -2.098537270275184, 19.485260547081715], [-11.663689010968245, -26.394157477083205, -29.982829857143336], [-2.86090217023974, -30.0, 30.0], [-1.4015535635102445, -30.0, 30.0], [-22.389440821274135, 26.492814286519618, 29.67480022754885], [-7.784415593244805, -28.37793325465029, 29.995764279495155], [0.7466018119744255, -29.338504970311092, 29.624041669866628], [6.213342145555885, -29.389652100918656, 11.31277709353612], [30.0, -19.868211177869334, 28.176923118254606], [-29.35571299854627, 16.766739364763588, -18.878071698899276], [-17.285061340627536, 27.563993484993425, -29.637980771398833], [-29.774962734357228, 15.13793239378603, -18.458060629336927], [-26.922186602901448, 15.741025522528282, -18.390769674561554], [30.0, -18.178409034655168, 26.45872323848546], [24.266643030637773, -18.003159140346924, 27.903988509964798], [-15.959719400852816, 30.0, -28.99904735810656], [-28.997118982015927, 15.422814335002478, -18.414117767006143], [-30.0, 16.532223528235683, -17.785166680676117], [-28.507807692173053, 12.867825701265566, -19.002054316906737], [-12.13450859873856, 30.0, 22.668327957122962], [-26.89118619964992, 18.59061181230819, -20.62093957303237], [-14.054392015643124, 22.87568616247586, 21.77343345538992], [-18.010261108657062, 29.64700452599424, 17.49425825354095], [30.0, 30.0, 18.024070107201524], [23.739146430342686, 30.0, 22.488607972049316], [30.0, 22.143126520882724, 17.88520143097015], [30.0, 25.825607341964783, 8.138118805363192], [30.0, 24.3747307302067, 23.265066362761885], [30.0, -15.678957205201666, 30.0], [-3.0205111119833568, -19.850120864789794, 30.0], [4.679901213175619, -19.48729115741902, 21.883547951401184], [30.0, -19.520796291105643, 22.305262836425705], [24.291091824794997, 19.8495076423104, 21.477684170549722], [-5.875016120199174, -1.4899201168974514, -30.0], [-11.684071889415282, 15.3206325726254, 17.288692619727804], [-3.1908635142809203, -5.785060807402971, -11.65830955008484], [-13.673949542024843, -9.336674611303462, -16.494121194165864], [-7.981162683097384, 1.1844644923042686, -4.900043601249216], [4.62841064142652, -8.521330477595662, -20.11431544313778], [14.005952938243254, -30.0, 19.26028946229834], [-15.860133013897448, 17.385456548356174, -30.0], [-2.9880178315175563, -30.0, 5.0103127340004505], [4.636318677126958, -12.707667903617054, -3.5639180661728673], [-7.353426888076726, -11.421663750772638, 30.0], [-2.475050843706885, -7.043234936886307, 30.0], [-14.125897713670193, -9.200307300933972, 30.0], [-8.815954549705499, -16.353967069713697, 30.0], [-30.0, -30.0, 15.064992549656957], [-18.17881621924738, -7.590946899413847, -30.0], [-30.0, 30.0, 10.947398653709712], [7.00715384521741, -25.685860997283626, -2.063343246827536], [-30.0, -3.2357134527405194, 30.0], [14.688415332655204, 30.0, -30.0], [-30.0, -10.761501071453782, -17.799901344086827], [15.66214865100902, -17.00656362897965, -11.561542508202724], [16.802848180460323, -14.380038457511933, -2.4630396375424866], [18.317036246539885, -18.110545371133544, -19.142892695740155], [6.329501692054343, -18.390746895359406, -11.737393220437571], [-7.601442343015293, -14.057018577164683, 24.618090945363328], [-14.00318538346022, 25.174474224265545, 25.88381989283853], [-1.0134115631703757, 2.8512757853139448, -18.923757996484227], [6.971611993569823, 1.2711524235142697, -30.0], [-10.402367199454872, 2.0931097954173055, 30.0], [-13.948389626974912, 10.560206884109284, 30.0], [-17.304832540302574, 2.8155085160095012, 30.0], [-6.618441917722308, 8.238442520647972, 30.0], [-14.976464206634098, 18.77343981812472, 30.0], [21.549352327785947, 30.0, 30.0], [-6.6091436071304415, -17.26440437936634, -3.780904182834952], [2.654883608212657, -1.998955650874855, 6.356340256842508], [30.0, -30.0, -18.87938820983993], [24.605547866837867, -30.0, -15.574838193238605], [30.0, -30.0, -22.906284974337755], [30.0, -22.52212380376554, -16.124836246056084], [30.0, 30.0, -15.197417605682388], [14.839361331082458, -30.0, -11.544550763343143], [12.973147153102815, 30.0, -10.356219659757254], [14.718192090844724, -7.77503464852682, -30.0], [3.577585541621069, -9.705662600819053, -30.0], [-21.722767952025684, 15.28677177896045, -18.73498406186266], [-13.176897993619594, -30.0, -2.78692062108394], [-6.747397615507062, 30.0, 18.091921258739923], [-1.804443135014921, 8.062419116066195, -30.0], [30.0, -8.869695162691382, -30.0], [12.476531930986482, 30.0, 9.302115881205552], [22.812560450035676, -30.0, -23.55293873197596], [-21.82623282622368, 30.0, -30.0], [-30.0, 30.0, -30.0], [-23.25676827357727, 30.0, -30.0], [30.0, 30.0, 23.483905518340983], [-30.0, 25.1939984760889, -30.0], [-30.0, 30.0, 22.95568533342], [9.596806504787388, 30.0, -19.440750737600673], [-20.780997866353637, 30.0, -30.0], [-30.0, 30.0, -1.3275732362799957], [-30.0, -5.29134664574207, 16.230380731052435], [-20.095513743043284, -7.058065944892615, -7.315354327995021], [21.15318672311608, 30.0, -20.29599706112657], [-10.970486605543819, 30.0, 26.413127935894494], [30.0, 17.900399834371868, -30.0], [30.0, 30.0, -6.621645465194863], [22.618781941270313, 30.0, -7.691049804382015], [30.0, -18.492079665422555, 17.76757252857221], [30.0, -7.769430931072581, 30.0], [-24.538373205492682, 30.0, -30.0], [7.677660216945455, -30.0, 3.9339298079093155], [-30.0, -30.0, -21.9143491703756], [-6.417707525577715, -30.0, 13.383514547109307], [-13.034512362584913, 7.155120153380977, -23.224597612100297], [30.0, -15.056556877590474, 25.989953386611006], [1.2334764842410273, 30.0, -30.0], [30.0, 23.59766036985544, -7.762702242144208], [30.0, 30.0, -3.1117530033123195], [-13.603911382164277, 30.0, 11.469673620441029], [30.0, 30.0, -9.936785060569086], [23.313022915980127, 30.0, -11.591925826402516], [30.0, 18.532658593300994, 22.965784632682123], [-13.490499021918698, 17.298379236640727, 26.486182139526143], [6.477704766264459, -15.479056236297254, 30.0], [-19.681358677121345, 30.0, -30.0], [-19.71463408823569, 14.95335579468567, 30.0], [5.208570394362212, -2.2245337723778746, -12.055984071509663], [-6.2741109951216885, -4.783644300095709, -21.885097659202703], [1.0742522965412746, 28.24070675074008, -8.930053130183286], [30.0, -30.0, 20.790834907569092], [30.0, 0.2752342432837125, 30.0], [-20.30316660280097, 30.0, -30.0], [30.0, 14.121418660656794, 15.011887052788225], [23.95601950315983, 25.111992326895987, -9.753799252225928], [30.0, 25.009866311170967, -11.187241893010505]]
 output
 [ 96.97168401 104.15730786  86.34520436  86.48097786  69.64205087
  99.71602151  87.07956472  81.0067396  100.84332082  95.49242615
 102.81930824  94.60753842  92.97328293  84.8805331   84.54087802
  86.20187742  99.97976052  87.02312601  88.36681866  81.84017659
  82.33485095  89.16147018  81.36196459  90.62603297  72.28528568
  72.81731973  78.49806711  83.76529329  82.01042084  88.82909326
  80.56315731  88.26558106  89.2636098   78.92253037  79.40822236
  88.21828591  82.11584655  87.31089519  96.37699096  82.26694462
  79.46047011  92.55711221  80.81319005  82.10044442 104.88800024
  78.53790781  85.4057417   92.94739287  72.10195498  85.17943426
  86.09837383  87.20031609  86.32950365 101.78238926  85.19019589
  87.85810825  84.55299963  90.05121765  74.18732681  74.94529064
  91.74555968  87.09094753  98.2516345   85.06072022  93.78469987
  95.08067409  77.37487444  79.09590606  77.35105766  81.6839374
  86.0192109   93.61134714  77.50287635  81.09554432  84.84629239
  74.90261454  83.19733759  82.66934618  70.56723623  70.54729131
  77.07525931  70.04368172  76.11820546  72.91366619  91.84557014
  71.97457116  71.60135438  83.05492579  80.94143306  77.85596375
  76.90529972  77.12001223  80.74282566  77.68738641  79.85014758
  76.46898058  99.91418547  78.78100472  79.78884139  79.05001122
  93.5709544   75.24189412  81.23109746  85.01120525  95.79121977
  81.05017823  84.45387903  88.22927347  86.00434853  92.0966136
  86.10173792  82.98799386  83.3081514   75.87289159  82.01266853
  81.67340598  75.87920549 107.97928632  88.73635779  89.51888403
  82.59913373  87.83254087  85.75463346  86.46019552  78.38668344
  98.65385615  90.32596665  92.87821964  86.0591826   76.48859387
  81.30829912  82.05932482  76.8842879   77.34364011  83.98938208
  81.92684401  76.74425894  82.059218    86.28807227 103.1460842
  73.47855025  79.92889776  79.96386817  95.66378151  83.44775665
  90.10714334  82.91505293  81.70172857  90.78601944  79.97794382
  92.88063702  80.3673724   85.68183986  94.27697831  96.33298815
  87.33663446  73.80544118  74.74164696  73.30945591  79.93696599
  78.06929093  96.5974748   83.5870395   72.74320734  96.76186522
  92.44646343  89.57610087  85.18088867  77.08552615  99.99543539
  77.2566724   78.58270119  84.3056011   78.37915238  73.79787845
  94.80615207  89.43520137  96.09878578  82.59353442  80.17707599
  93.18695017  77.31087958  82.98023701  89.57457232  74.89272642
  75.66197073  81.63536788  78.36668488  83.25044279  71.66059514
  80.69016381  89.73033201  84.58534654  89.46781249  90.9495794
  96.06632391  71.73074816  79.92200348  75.39017089  79.20917718]
最小値:69.64205087244983
入力値:[-29.058566200681568, 16.16304620691976, -17.793908165162698]
経過時間:334.35357570648193sec
num_evaluation of BBF = 200.0