
BO_ratio_matrix = 
[[71.89312208]
 [71.89312208]
 [71.89312208]
 [71.89312208]
 [71.89312208]
 [71.89312208]]
RS_ratio_matrix = 
[[87.16661867]
 [84.51543929]
 [79.60339338]
 [75.83857576]
 [75.83857576]
 [71.95774729]]
Mean Accumulated PREC(%) 1 times; BBF=[ 10.  30.  50. 100. 150. 200.]
BO_vec=array([71.89312208, 71.89312208, 71.89312208, 71.89312208, 71.89312208,
       71.89312208])
RS_vec=array([87.16661867, 84.51543929, 79.60339338, 75.83857576, 75.83857576,
       71.95774729])
Median Accumulated PREC(%) 1 times; BBF=[ 10.  30.  50. 100. 150. 200.]
BO_vec=array([71.89312208, 71.89312208, 71.89312208, 71.89312208, 71.89312208,
       71.89312208])
RS_vec=array([87.16661867, 84.51543929, 79.60339338, 75.83857576, 75.83857576,
       71.95774729])
Min Accumulated PREC(%) 1 times; BBF=[ 10.  30.  50. 100. 150. 200.]
BO_vec=array([71.89312208, 71.89312208, 71.89312208, 71.89312208, 71.89312208,
       71.89312208])
RS_vec=array([87.16661867, 84.51543929, 79.60339338, 75.83857576, 75.83857576,
       71.95774729])
Max Accumulated PREC(%) 1 times; BBF=[ 10.  30.  50. 100. 150. 200.]
BO_vec=array([71.89312208, 71.89312208, 71.89312208, 71.89312208, 71.89312208,
       71.89312208])
RS_vec=array([87.16661867, 84.51543929, 79.60339338, 75.83857576, 75.83857576,
       71.95774729])