
BO_ratio_matrix = 
[[77.36470543 76.4826482  82.06934879 82.51496345 81.69784814 81.86902581
  80.77143429 78.90490587 86.29391524 78.58134435]
 [76.4826482  75.88702503 76.4826482  78.3734441  81.36277024 80.94546001
  76.4826482  76.4826482  76.4826482  78.78895092]
 [76.4826482  76.4826482  76.4826482  76.4826482  80.64965377 79.75404767
  76.47714269 76.4826482  76.4826482  76.4826482 ]
 [76.4826482  76.4826482  76.4826482  76.47703613 76.4826482  76.4826482
  76.4826482  76.4826482  76.4826482  76.4826482 ]
 [76.4826482  76.4826482  76.4826482  76.4826482  76.4826482  76.4826482
  76.4826482  76.4826482  76.4826482  76.4826482 ]
 [76.4826482  76.4826482  76.4826482  76.4826482  75.62863631 76.4826482
  76.4826482  76.4826482  76.4826482  76.4826482 ]]
RS_ratio_matrix = 
[[90.93691796 81.4070616  83.27479542 82.90340551 78.66491386 84.07846983
  82.22947533 80.73502053 85.60080893 81.99929219]
 [78.89715285 79.2968287  81.20782818 80.73841374 78.37388956 79.03765623
  82.22947533 79.04411588 81.84993062 79.6639305 ]
 [78.89715285 79.2968287  81.20782818 76.2437929  78.09164172 78.13223827
  82.22947533 77.82771752 81.84993062 77.88120157]
 [77.87933326 79.2968287  80.95837583 76.2437929  77.94289209 78.07429003
  82.22947533 77.70509406 81.60267538 77.64125249]
 [76.18791151 79.2968287  80.53544633 76.21948767 77.94289209 78.07429003
  78.2888373  77.70509406 81.60267538 75.96597936]
 [75.90127671 78.23806456 80.53544633 76.21948767 77.93528761 78.07429003
  78.2888373  77.70509406 81.60267538 75.96597936]]
Mean Accumulated PREC(%) 10 times; BBF=[ 10.  30.  50. 100. 150. 200.]
BO_vec=array([80.65501396, 77.77708913, 77.22593815, 76.48208699, 76.4826482 ,
       76.39724701])
RS_vec=array([83.18301612, 80.03392216, 79.16578077, 78.95740101, 78.18194424,
       78.0466439 ])
Median Accumulated PREC(%) 10 times; BBF=[ 10.  30.  50. 100. 150. 200.]
BO_vec=array([81.23464121, 76.4826482 , 76.4826482 , 76.4826482 , 76.4826482 ,
       76.4826482 ])
RS_vec=array([82.56644042, 79.4803796 , 78.51469556, 78.00859106, 78.00859106,
       78.00478882])
Min Accumulated PREC(%) 10 times; BBF=[ 10.  30.  50. 100. 150. 200.]
BO_vec=array([76.4826482 , 75.88702503, 76.47714269, 76.47703613, 76.4826482 ,
       75.62863631])
RS_vec=array([78.66491386, 78.37388956, 76.2437929 , 76.2437929 , 75.96597936,
       75.90127671])
Max Accumulated PREC(%) 10 times; BBF=[ 10.  30.  50. 100. 150. 200.]
BO_vec=array([86.29391524, 81.36277024, 80.64965377, 76.4826482 , 76.4826482 ,
       76.4826482 ])
RS_vec=array([90.93691796, 82.22947533, 82.22947533, 82.22947533, 81.60267538,
       81.60267538])