
BO_ratio_matrix = 
[[81.12427644 80.60525342 85.21086687 86.45672025 75.7010911  74.77151432
  85.05559979 83.90101439 85.29654986 75.06735294]
 [80.67268405 75.66921797 84.82823529 86.3420584  75.57963592 74.67153515
  84.56521286 81.28462895 84.19435569 76.19656299]
 [74.90713474 75.65703527 85.44007723 85.19022314 74.78324139 74.82438642
  84.16611712 77.98276396 85.29165662 74.65144513]]
RS_ratio_matrix = 
[[85.09736723 81.6196506  81.1186512  85.74685107 84.20966334 85.21705799
  85.02932486 78.70089239 86.89399208 85.56071445]
 [85.02839144 81.6196506  80.53995704 85.43118523 83.85858898 84.03907296
  85.02932486 78.70089239 86.85033513 83.91022945]
 [85.00280321 81.6196506  80.53995704 85.31605292 83.75590364 84.03907296
  85.02932486 78.70089239 86.41772916 83.91022945]]
Mean Accumulated PREC(%) 10 times; BBF=[100. 140. 200.]
BO_vec=array([81.31902394, 80.40041273, 79.2894081 ])
RS_vec=array([83.91941652, 83.50076281, 83.43316162])
Median Accumulated PREC(%) 10 times; BBF=[100. 140. 200.]
BO_vec=array([82.51264541, 80.9786565 , 76.81989961])
RS_vec=array([85.06334605, 83.9746512 , 83.9746512 ])
Min Accumulated PREC(%) 10 times; BBF=[100. 140. 200.]
BO_vec=array([74.77151432, 74.67153515, 74.65144513])
RS_vec=array([78.70089239, 78.70089239, 78.70089239])
Max Accumulated PREC(%) 10 times; BBF=[100. 140. 200.]
BO_vec=array([86.45672025, 86.3420584 , 85.44007723])
RS_vec=array([86.89399208, 86.85033513, 86.41772916])