
 input
[[5.570677093501104, 20.655944914861053, 21.47673705736542], [20.83510432704754, 7.4138218071583495, -6.937097562438005], [-12.14792360733166, -26.59722136095341, -13.640622325193206], [-30.0, -30.0, -13.181051669907625], [-29.05856624334132, 16.163046199455366, -17.793924962974344]]
 output
 [ 96.97168536 104.15730752  86.34520507  86.48106309  69.6422378 ]
最小値:69.64223779506824
入力値:[-29.05856624334132, 16.163046199455366, -17.793924962974344]
経過時間:30.509639501571655sec
num_evaluation of BBF = 5.0
 input
[[5.570677093501104, 20.655944914861053, 21.47673705736542], [20.83510432704754, 7.4138218071583495, -6.937097562438005], [-12.14792360733166, -26.59722136095341, -13.640622325193206], [-30.0, -30.0, -13.181051669907625], [-29.05856624334132, 16.163046199455366, -17.793924962974344], [-28.471449588714382, 22.80105754995862, -19.490743886444648], [-29.67971720865883, 3.1132824424073817, -17.032010103101605], [-14.469222588782122, 25.840861818151765, 19.72170474710518], [-14.032132190648218, 29.15120552421625, -29.077565348739952], [-27.756912222512007, 14.395559598641881, 28.555942949706093]]
 output
 [ 96.97168536 104.15730752  86.34520507  86.48106309  69.6422378
  87.37262316  93.83823198  75.53761907  73.98695245  89.47076356]
最小値:69.64223779506824
入力値:[-29.05856624334132, 16.163046199455366, -17.793924962974344]
経過時間:38.92826199531555sec
num_evaluation of BBF = 10.0